0,7192,1,1,2
0,5430,1,1,3
0,46,1,1,2
0,6852,1,1,2
0,27,1,1,1
0,41,1,1,1
0,1323,1,1,2
0,8469,1,1,0
0,9396,1,1,1
0,293,1,1,68
0,10561,1,1,2
0,11095,1,1,3
0,854,1,1,2
0,2686,1,1,8
0,5683,1,1,10
0,721,1,1,8
0,4231,1,1,3
0,6192,1,1,2
0,48,1,1,3
0,1691,1,1,2
0,1706,1,1,2
0,11268,1,1,2
0,10771,1,1,2
0,1761,1,1,2
0,6681,1,1,2
0,6484,1,1,5
0,8160,1,1,3
0,3506,1,1,1
0,11589,1,1,3
0,1741,1,1,3
0,6509,1,1,4
0,6320,1,1,4
0,5427,1,1,2
0,3450,1,1,4
0,4637,1,1,3
0,1275,1,1,4
0,11423,1,1,4
0,6433,1,1,1
0,3940,1,1,2
0,549,1,1,2
0,11232,1,1,2
0,292,1,1,0
0,1755,1,1,22
0,6406,1,1,0
0,11110,1,1,1
0,10796,1,1,3
0,33,1,1,4
0,3909,1,1,3
0,6541,1,1,1
0,3303,1,1,4
0,568,1,1,8
0,8608,1,1,2
0,5496,1,1,4
0,3301,1,1,1
0,6805,1,1,6
0,3352,1,1,5
0,10915,1,1,0
0,8415,1,1,1
0,3582,1,1,2
0,3850,1,1,2
0,5673,1,1,3
0,174,1,1,12
0,1325,1,1,2
0,9430,1,1,1
0,7757,1,1,3
0,16,1,1,0
0,6660,1,1,4
0,5413,1,1,3
0,1221,1,1,2
0,2917,1,1,6
0,10851,1,1,1
0,4191,1,1,2
0,87,1,1,2
0,11690,1,1,2
0,2497,1,1,25
0,239,1,1,0
0,10680,1,1,1
0,5418,1,1,2
0,1667,1,1,1
0,8271,1,1,1
0,159,1,1,2
0,1852,1,1,8
0,6679,1,1,4
0,11060,1,1,1
0,7756,1,1,3
0,52,1,1,2
0,217,1,1,2
0,3794,1,1,1
0,9,1,1,1
0,1113,1,1,1
0,11427,1,1,1
0,80,1,1,1
0,50,1,1,0
0,6570,1,1,1
0,8750,1,1,2
0,8874,1,1,0
0,3549,1,1,8
0,803,1,1,2
0,7908,1,1,2
0,6301,1,1,3
0,5583,1,1,3
0,104,1,1,2
0,5588,1,1,2
0,38,1,1,3
0,11030,1,1,2
0,3493,1,1,3
1,47,1,1,1
1,1103,1,1,4
1,1453,1,1,1
1,5392,1,1,2
1,4,1,1,1
1,6770,1,1,1
1,10318,1,1,0
1,6461,1,2,15
1,302,1,1,2
1,4005,1,1,3
1,8196,1,2,2
1,1273,1,1,2
1,13,1,1,2
1,592,1,1,1
1,816,1,2,4
1,6510,1,2,2
1,1853,1,2,1
1,1680,1,1,3
1,1653,1,2,3
1,10513,1,1,2
1,1675,1,1,1
1,3527,1,2,1
1,6730,1,2,1
1,7922,1,2,10
1,11015,1,1,2
1,4129,1,1,4
1,6459,1,2,1
1,71,1,2,8
1,10815,1,2,2
1,6922,1,2,6
1,6545,1,2,3
1,3302,1,2,1
1,17,1,2,1
1,6381,1,15,2
1,4926,1,2,3
1,7569,1,2,1
1,8297,1,2,5
1,2828,1,2,5
1,11110,2,1,1
1,786,1,2,6
1,3749,1,4,2
1,3479,1,2,3
1,3463,1,15,1
1,3951,1,2,8
1,11290,1,11,1
1,1136,1,5,3
1,6705,1,2,2
1,7570,1,2,1
1,1326,1,4,1
1,4713,1,2,1
1,6878,1,2,0
1,814,1,2,4
1,5673,2,1,3
1,10725,1,2,2
1,11021,1,2,2
1,2902,1,2,1
1,8160,2,1,1
1,8820,1,2,2
1,1706,2,1,2
1,3967,1,2,9
1,6470,1,2,1
1,3343,1,3,1
1,41,2,1,1
1,7462,1,11,1
1,11690,2,1,1
1,286,1,4,30
1,8237,1,2,0
1,1299,1,2,5
1,3912,1,2,4
1,8264,1,4,1
1,88,1,2,3
1,11090,1,3,2
1,11383,1,2,2
1,77,1,2,1
1,237,1,2,7
1,7,1,2,1
1,3303,2,1,2
1,6793,1,2,0
1,6851,1,2,1
1,11293,1,2,0
1,5620,1,3,1
1,1221,2,1,2
1,11060,2,1,1
1,11589,2,1,2
1,5388,1,3,4
1,10562,1,2,3
1,5568,1,2,0
1,1785,1,2,5
1,11039,1,3,4
1,5653,1,2,1
1,11134,1,2,2
1,549,2,1,2
1,577,1,2,7
1,10455,1,2,1
1,3559,1,3,1
1,2915,1,5,0
1,6762,1,15,3
1,6696,1,4,2
1,8041,1,15,2
1,2841,1,16,1
1,6411,1,7,1
1,6200,1,13,3
1,1852,2,1,6
1,25,1,3,2
1,2856,1,14,7
1,3447,1,2,2
1,1270,1,2,2
1,9026,1,2,0
1,7276,1,2,3
1,5551,1,2,5
1,5006,1,2,6
1,10437,1,26,3
1,18,1,8,2
1,255,1,2,1
1,7473,1,8,4
1,1325,2,1,2
2,27,2,3,1
2,2548,1,3,17
2,3339,1,34,1
2,5957,1,46,1
2,8192,1,3,0
2,10311,1,6,1
2,8210,1,2,3
2,2603,1,2,4
2,6859,1,3,3
2,2150,1,3,4
2,2637,1,2,2
2,81,1,2,4
2,114,1,2,5
2,5548,1,3,2
2,8527,1,36,2
2,8263,1,16,0
2,6755,1,2,3
2,7016,1,5,2
2,7017,1,10,2
2,144,1,2,3
2,1280,1,2,2
2,5646,1,3,15
2,2033,1,3,1
2,24,1,10,3
2,5746,1,27,1
2,5400,1,28,3
2,7138,1,18,2
2,5691,1,3,1
2,7314,1,14,1
2,9430,2,1,1
2,8415,2,1,1
2,8063,1,3,2
2,11268,2,13,2
2,5696,1,14,6
2,292,2,1,1
2,1275,2,1,3
2,7922,2,1,9
2,3527,2,1,1
2,8608,2,1,2
2,7015,1,3,2
2,10609,1,9,2
2,7925,1,6,1
2,3602,1,3,3
2,10994,1,3,2
2,5418,2,1,2
2,6730,2,2,1
2,3676,1,41,4
2,11042,1,3,2
2,55,1,4,1
2,7260,1,3,3
2,7806,1,3,2
2,11078,1,3,2
2,2685,1,6,11
2,5377,1,3,4
2,2767,1,5,3
2,10947,1,15,3
2,73,1,3,4
2,517,1,3,1
2,3737,1,3,0
2,3493,2,1,3
2,1136,2,1,3
2,8820,2,1,2
2,3300,1,3,15
2,8228,1,3,1
2,6463,1,5,2
2,271,1,5,3
2,8761,1,3,0
2,3303,3,1,2
2,6459,2,1,1
2,6,1,3,1
2,4200,1,3,14
2,52,2,2,2
2,6484,2,2,5
2,11427,2,1,1
2,852,1,4,5
2,1740,1,3,30
2,3112,1,4,2
2,4766,1,3,5
2,10914,1,5,2
2,1335,1,7,2
2,10838,1,7,4
2,6988,1,17,1
2,226,1,16,4
2,8918,1,3,4
2,6669,1,8,0
2,2841,2,1,1
2,5719,1,13,1
2,1717,1,7,5
2,5378,1,19,3
2,5653,2,1,1
2,3464,1,14,3
2,1901,1,19,1
2,11028,1,20,1
2,127,1,20,2
2,8052,1,3,2
2,7853,1,19,3
2,6347,1,5,5
2,159,2,2,1
2,10721,1,3,4
2,10261,1,5,0
2,8,1,3,1
2,6654,1,3,1
2,4738,1,18,1
2,3480,1,28,2
2,6410,1,20,3
2,10349,1,28,1
2,3388,1,23,3
2,1742,1,6,2
2,7599,1,12,2
2,3360,1,8,3
2,714,1,8,1
2,68,1,13,1
3,5050,1,34,8
3,8209,1,3,1
3,3148,1,4,2
3,49,1,15,1
3,10656,1,3,0
3,592,2,1,1
3,1453,2,2,1
3,1309,1,3,0
3,1717,2,1,1
3,2905,1,4,1
3,5727,1,3,5
3,10482,1,36,2
3,4694,1,4,3
3,2381,1,12,2
3,3582,2,2,2
3,6320,2,3,4
3,6852,2,4,1
3,7915,1,7,2
3,4004,1,16,3
3,7018,1,4,46
3,10637,1,6,1
3,7176,1,4,2
3,48,2,3,3
3,2917,2,2,7
3,6406,2,2,1
3,293,2,3,50
3,1275,3,1,2
3,71,2,2,7
3,6301,2,2,2
3,7756,2,2,3
3,2548,2,1,15
3,2637,2,1,2
3,10437,2,1,2
3,10725,2,1,1
3,1,1,4,47
3,3794,2,1,1
3,1326,2,1,1
3,1323,2,3,2
3,1335,2,1,1
3,7570,2,1,1
3,1653,2,2,2
3,7843,1,28,2
3,299,1,4,1
3,22,1,4,2
3,1327,1,10,1
3,4191,2,1,2
3,1706,3,2,2
3,6200,2,1,2
3,2493,1,21,2
3,1329,1,28,1
3,3940,2,11,1
3,5459,1,16,15
3,2041,1,12,2
3,297,1,4,13
3,693,1,7,2
3,17,2,2,1
3,814,2,2,4
3,4231,2,2,3
3,6541,2,2,1
3,11030,2,2,1
3,3493,3,1,2
3,7314,2,1,2
3,8210,2,1,3
3,11090,2,1,1
3,11563,1,4,0
3,6251,1,4,0
3,3301,2,4,1
3,5548,2,1,1
3,668,1,4,10
3,10821,1,11,2
3,6172,1,11,9
3,3463,2,2,1
3,3602,2,1,2
3,6570,2,2,0
3,11383,2,3,0
3,10915,2,2,0
3,1221,3,2,1
3,1691,2,3,1
3,11589,3,1,1
3,4201,1,24,2
3,37,1,24,1
3,6350,1,4,1
3,6681,2,2,1
3,6851,2,3,1
3,600,1,4,5
3,209,1,4,3
3,8271,2,4,1
3,4969,1,4,5
3,1201,1,26,3
3,7515,1,15,4
3,210,1,15,3
3,8527,2,1,2
3,10318,2,1,1
3,8228,2,1,1
4,7599,2,18,2
4,9430,3,11,0
4,10851,2,3,0
4,16,2,3,0
4,6660,2,3,4
4,568,2,3,7
4,8192,2,2,1
4,6461,2,3,12
4,517,2,1,1
4,1901,2,1,2
4,3951,2,1,6
4,5006,2,2,5
4,5646,2,2,10
4,5691,2,2,0
4,5583,2,3,4
4,1312,1,12,2
4,1675,2,3,1
4,7570,3,1,1
4,1270,2,2,2
4,6770,2,2,2
4,1853,2,4,3
4,11042,2,2,0
4,131,1,5,2
4,291,1,21,0
4,46,2,16,2
4,38,2,3,2
4,18,2,2,2
4,1740,2,1,21
4,237,2,2,6
4,1706,4,1,2
4,6200,3,1,1
4,11078,2,6,1
4,6443,1,53,0
4,6388,1,18,1
4,6467,1,5,3
4,41,3,3,0
4,5641,1,20,2
4,5424,1,26,3
4,815,1,47,2
4,8047,1,21,2
4,3789,1,23,1
4,80,2,3,1
4,3737,2,2,0
4,5588,2,3,3
4,8750,2,3,2
4,6381,2,5,2
4,144,2,2,3
4,7922,3,1,8
4,71,3,1,5
4,814,3,1,2
4,2917,3,1,3
4,4694,2,1,2
4,7314,3,1,2
4,6410,2,1,2
4,7843,2,1,2
4,8196,2,3,1
4,13,2,4,2
4,8237,2,2,1
4,2828,2,3,6
4,4129,2,3,4
4,803,2,2,3
4,6459,3,2,1
4,7017,2,2,2
4,3463,3,1,1
4,3602,3,1,2
4,10721,2,1,3
4,10771,2,4,1
4,8743,1,5,2
4,5459,2,1,11
4,11060,3,3,1
4,6755,2,2,3
4,7015,2,2,2
4,10947,2,2,3
4,1275,4,1,2
4,11427,3,1,1
4,10643,1,5,1
4,10914,2,1,2
4,2905,2,1,1
4,4565,1,18,8
4,3215,1,18,4
4,2588,1,55,4
4,5653,3,2,3
4,8966,1,10,3
4,2572,1,6,2
4,159,3,2,1
4,55,2,2,1
4,2033,2,3,1
4,721,2,4,7
4,6683,1,7,2
4,6681,3,1,0
4,6113,1,15,4
4,10821,2,2,0
4,4657,1,23,1
4,132,1,36,2
4,3305,1,23,2
4,7725,1,31,2
4,3128,1,88,1
4,7908,2,5,1
4,7170,1,6,7
4,4926,2,63,2
4,9026,2,94,1
4,5430,2,16,3
4,5549,1,66,2
4,4592,1,22,1
4,400,1,207,1
4,7927,1,132,2
4,4230,1,52,2
5,8578,1,44,1
5,6122,1,132,2
5,32,1,24,1
5,267,1,30,2
5,47,2,4,1
5,8175,1,23,2
5,7066,1,6,2
5,4713,2,3,1
5,8874,2,3,0
5,1852,3,2,6
5,3450,2,5,3
5,5683,2,5,8
5,6654,2,2,1
5,2493,2,1,2
5,1755,2,2,17
5,568,3,1,6
5,1901,3,1,2
5,2548,3,1,16
5,2685,2,1,11
5,4200,2,1,8
5,6669,2,1,2
5,2856,2,3,4
5,6922,2,16,6
5,8608,3,3,1
5,4017,1,17,1
5,93,1,6,5
5,1113,2,3,0
5,3491,1,6,8
5,1744,1,6,1
5,6453,1,6,15
5,127,2,1,1
5,11492,1,14,2
5,1760,1,20,3
5,6192,2,23,1
5,6327,1,17,4
5,5006,3,1,4
5,7016,2,2,2
5,1201,2,1,2
5,1312,2,1,1
5,1706,5,1,2
5,239,2,6,1
5,10680,2,38,2
5,4201,2,1,2
5,271,2,1,3
5,3360,2,2,2
5,5641,2,1,1
5,7756,3,2,1
5,87,2,4,1
5,816,2,4,2
5,11232,2,4,2
5,6988,2,1,1
5,9430,4,1,1
5,7018,2,2,44
5,7925,2,5,1
5,17,3,2,1
5,5727,2,2,4
5,6301,3,2,1
5,714,2,1,1
5,7915,2,2,2
5,10637,2,11,2
5,10838,2,2,3
5,6381,3,1,2
5,6410,3,1,1
5,7515,2,1,3
5,5548,3,2,1
5,199,1,14,0
5,3447,2,3,2
5,2041,2,2,2
5,8052,2,2,2
5,3602,4,1,1
5,6459,4,1,1
5,7050,1,6,1
5,1843,1,6,1
5,7,2,4,2
5,6251,2,2,1
5,52,3,3,1
5,1221,4,2,1
5,8047,2,1,1
5,11060,4,1,1
5,2840,1,266,3
5,26,1,44,2
5,7281,1,8,1
5,3320,1,8,8
5,11235,1,7,0
5,34,1,13,1
5,5723,1,17,1
5,8074,1,32,1
5,2647,1,17,1
5,1225,1,6,8
5,5413,2,14,3
5,1273,2,4,3
5,6805,2,8,4
5,5551,2,16,5
5,10796,2,44,2
5,6770,3,1,1
5,7377,1,30,0
5,1938,1,7,1
5,5392,2,33,1
5,6735,1,193,1
5,234,1,76,1
5,6813,1,75,4
5,8820,3,54,1
5,7189,1,76,4
5,3066,1,36,2
5,8143,1,67,2
5,5511,1,89,4
5,4637,2,7,3
5,6320,3,1,4
5,8761,2,1,1
5,2828,3,1,3
5,11078,3,1,1
5,1691,3,1,1
5,10261,2,1,2
6,6443,2,2,0
6,2767,2,2,2
6,8063,2,5,2
6,49,2,3,1
6,4231,3,3,3
6,6347,2,3,4
6,2917,4,2,5
6,8874,3,1,0
6,4694,3,2,3
6,6660,3,2,3
6,6381,4,1,2
6,6410,4,1,1
6,7925,3,1,1
6,194,1,14,4
6,5548,4,1,1
6,6385,1,8,2
6,11090,3,9,1
6,6793,2,4,1
6,4130,1,14,1
6,3301,3,3,1
6,3303,4,4,5
6,4766,2,3,5
6,3559,2,3,0
6,6459,5,1,1
6,10643,2,1,1
6,1239,1,9,60
6,11492,2,1,1
6,10609,2,4,1
6,11260,1,7,1
6,7017,3,2,2
6,3354,1,8,2
6,10815,2,5,1
6,11134,2,4,1
6,52,4,1,1
6,11060,5,1,1
6,3561,1,9,62
6,11589,4,13,1
6,679,1,10,1
6,7770,1,32,2
6,8831,1,31,2
6,2686,2,6,6
6,497,1,78,0
6,4017,2,1,1
6,10466,1,7,3
6,255,2,5,1
6,2033,3,1,1
6,4969,2,3,4
6,3339,2,4,1
6,7066,2,1,1
6,8263,2,4,0
6,1849,1,35,11
6,5378,2,53,2
6,5050,2,2,5
6,199,2,1,1
6,2637,3,1,1
6,2856,3,1,2
6,3360,3,1,2
6,4565,2,1,4
6,5691,3,1,1
6,5723,2,1,1
6,7725,2,1,2
6,7756,4,1,1
6,3,1,8,3
6,6770,4,1,1
6,1938,2,1,1
6,7908,3,1,1
6,3344,1,27,2
6,302,2,95,2
6,1334,1,46,2
6,8297,2,77,5
6,2914,1,9,27
6,1206,1,57,0
6,7276,2,48,3
6,7599,3,8,1
6,4,2,6,1
6,7462,2,46,1
6,1680,2,69,2
6,1741,2,11,3
6,3701,1,66,2
6,6470,2,73,1
6,25,2,48,2
6,196,1,150,1
6,2497,2,51,18
6,11422,1,157,3
6,6433,2,100,1
6,209,2,3,3
6,5400,2,29,3
6,10561,2,12,2
6,3794,3,41,1
6,1327,2,3,1
6,1323,3,3,1
6,1673,1,49,18
6,7474,1,35,5
6,1653,3,4,2
6,1270,3,22,2
6,559,1,26,2
6,2150,2,16,3
6,114,2,50,1
6,8933,1,36,5
6,3112,2,31,2
6,11039,2,104,4
6,7016,3,26,2
6,226,2,91,3
6,3388,2,37,2
6,1201,3,39,2
6,1312,3,15,1
6,3128,2,2,2
6,6192,3,2,1
7,271,3,2,2
7,81,2,5,3
7,803,3,37,2
7,4637,3,1,2
7,4657,2,2,2
7,814,4,3,3
7,5588,3,3,3
7,8750,3,3,2
7,7515,3,2,3
7,4231,4,1,2
7,6347,3,1,3
7,6381,5,1,2
7,7281,2,1,1
7,8063,3,1,2
7,10838,3,3,3
7,103,1,32,1
7,3301,4,1,1
7,4005,2,6,2
7,3912,2,8,1
7,3463,4,3,0
7,4129,3,3,2
7,93,2,2,2
7,8472,1,8,3
7,6223,1,12,2
7,7757,2,10,2
7,5459,3,3,10
7,6683,2,3,2
7,7853,2,4,2
7,6755,3,3,2
7,11427,4,3,0
7,11397,1,10,2
7,424,1,25,1
7,5719,2,5,1
7,4017,3,1,1
7,1785,2,12,1
7,378,1,8,0
7,497,2,1,1
7,9,2,84,0
7,6,2,2,1
7,32,2,2,2
7,3789,2,1,2
7,568,4,2,6
7,714,3,2,1
7,7377,2,1,1
7,10311,2,1,1
7,10796,3,1,1
7,11235,2,1,2
7,11383,3,1,2
7,5006,4,2,5
7,5683,3,2,6
7,5646,3,2,12
7,6301,4,2,3
7,5727,3,2,6
7,6453,2,2,12
7,7170,2,3,15
7,4565,3,1,9
7,1,2,3,49
7,8918,2,2,3
7,1717,3,3,4
7,8469,2,7,1
7,5392,3,2,2
7,7333,1,11,3
7,685,1,65,3
7,1761,2,12,1
7,7046,1,47,1
7,5496,2,27,3
7,1836,1,75,2
7,33,2,20,1
7,47,3,100,0
7,3343,2,47,0
7,4713,3,67,0
7,3506,2,31,2
7,6654,3,50,1
7,8192,3,15,1
7,5378,3,1,2
7,5696,2,18,9
7,1103,2,10,2
7,1326,3,26,0
7,8608,4,23,2
7,1273,3,1,1
7,3303,5,1,5
7,6172,2,33,10
7,5078,1,33,1
7,6461,3,30,11
7,286,2,45,30
7,1667,2,14,0
7,1901,4,25,1
7,7586,1,54,1
7,1849,2,1,11
7,702,1,27,13
7,6719,1,69,1
7,5377,2,51,2
7,7657,1,305,2
7,4191,3,12,2
7,127,3,68,2
7,1742,2,30,2
7,3676,2,72,3
7,46,3,26,2
7,210,2,24,3
7,3354,2,1,3
7,18,3,44,1
8,3388,3,1,1
8,6192,4,1,1
8,7050,2,1,2
8,11078,4,1,2
8,145,1,35,32
8,29,1,71,0
8,271,4,1,2
8,10513,2,7,2
8,8160,3,3,3
8,10656,2,11,1
8,7260,2,8,2
8,6859,2,9,3
8,1280,2,10,2
8,3493,4,5,3
8,6541,3,5,1
8,6388,2,4,2
8,7314,4,4,2
8,17,4,3,1
8,10637,3,3,2
8,3701,2,1,4
8,6347,4,1,5
8,4293,1,9,1
8,1299,2,7,4
8,3301,5,1,0
8,1833,1,21,5
8,1680,3,1,1
8,2041,3,3,3
8,6463,2,2,2
8,11021,2,8,2
8,10915,3,5,1
8,6484,3,6,4
8,6878,2,3,1
8,10994,2,5,4
8,1221,5,3,1
8,8047,3,3,3
8,5650,1,19,2
8,101,1,31,1
8,2553,1,33,2
8,2905,3,4,1
8,73,2,7,2
8,2841,3,469,0
8,6851,3,8,1
8,111,1,37,1
8,55,3,25,1
8,424,2,1,1
8,497,3,1,1
8,7066,3,1,5
8,7212,1,9,2
8,5676,1,9,3
8,8175,2,3,1
8,291,2,2,1
8,6406,3,2,1
8,25,3,1,3
8,3789,3,1,1
8,77,2,2,1
8,3450,3,3,3
8,11042,3,2,2
8,4200,3,4,9
8,6113,2,3,4
8,10821,3,2,1
8,2767,3,2,3
8,6443,3,2,1
8,1453,3,2,0
8,93,3,1,3
8,3912,3,1,2
8,6459,6,1,1
8,11492,3,1,2
8,3360,4,2,2
8,52,5,1,2
8,6755,4,1,3
8,7853,3,1,2
8,11427,5,1,1
8,4766,3,2,5
8,5691,4,2,0
8,5723,3,2,0
8,5666,1,35,1
8,1309,2,3,0
8,1938,3,2,0
8,6681,4,4,1
8,6140,1,102,1
8,385,1,10,1
8,400,2,3,1
8,592,3,40,0
8,9026,3,2,0
8,8469,3,2,1
8,10318,3,5,1
8,5427,2,142,2
8,6852,3,81,2
8,3669,1,43,0
8,299,2,82,1
8,8228,3,43,2
8,11268,3,16,1
8,3333,1,27,10
8,3215,2,2,4
8,5583,3,39,2
8,6320,4,2,1
8,1741,3,2,3
8,5746,2,48,1
8,5400,3,2,6
8,1901,5,1,2
8,1270,4,2,1
8,5673,3,123,2
8,160,1,83,0
8,297,2,14,12
8,194,2,2,3
8,237,3,24,6
8,10725,3,264,1
8,5384,1,125,3
8,239,3,6,1
8,1225,2,3,7
8,6200,4,4,2
8,1785,3,1,3
9,8063,4,2,2
9,17,5,1,1
9,46,4,1,1
9,702,2,1,11
9,1280,3,1,1
9,10513,3,1,2
9,8750,4,2,2
9,11030,3,6,2
9,2603,2,9,3
9,2027,1,21,1
9,668,2,6,10
9,3758,1,17,2
9,2902,2,27,1
9,10771,3,4,1
9,7,3,4,2
9,3344,2,1,2
9,1849,3,1,1
9,7015,3,5,3
9,6122,2,4,1
9,8543,1,27,3
9,8251,1,26,2
9,11260,2,3,1
9,7543,1,11,2
9,5409,1,17,5
9,5653,4,4,3
9,11423,2,9,1
9,8271,3,5,1
9,8263,3,44,1
9,8874,4,2,1
9,226,3,1,3
9,568,5,1,9
9,5683,4,1,8
9,6172,3,1,9
9,6406,4,1,1
9,6461,4,1,13
9,10796,4,2,3
9,10994,3,1,2
9,11235,3,1,2
9,3794,4,2,1
9,6443,4,1,1
9,37,2,3,1
9,7462,3,2,1
9,199,3,3,0
9,5511,2,2,3
9,7017,4,2,3
9,5650,2,1,2
9,7333,2,1,2
9,11021,3,1,2
9,8743,2,2,3
9,7757,3,2,3
9,1221,6,1,2
9,4293,2,1,1
9,8047,4,1,1
9,45,1,45,1
9,7725,3,34,3
9,3257,1,27,13
9,7473,2,9,3
9,2687,1,31,1
9,5594,1,31,3
9,4000,1,56,10
9,10562,2,62,3
9,3479,2,29,2
9,8192,4,1,1
9,2493,3,3,2
9,1327,3,1,1
9,1667,3,1,1
9,8820,4,9,2
9,679,2,2,1
9,378,2,1,1
9,3215,3,1,1
9,8228,4,1,1
9,3320,2,3,10
9,7806,2,21,2
9,3527,3,30,0
9,3967,2,70,9
9,11015,2,102,1
9,11563,2,112,2
9,600,2,25,6
9,5746,3,1,2
9,11268,4,1,2
9,7016,4,3,3
9,5496,3,1,2
9,2914,2,3,40
9,160,2,1,1
9,2381,2,4,4
9,3999,1,26,1
9,1201,4,3,1
9,3112,3,3,1
9,26,2,3,0
9,11290,2,146,0
9,803,4,49,3
9,8415,3,23,1
9,3737,3,31,1
9,8210,3,7,4
9,87,3,5,2
9,1744,2,24,1
9,80,3,52,1
9,6381,6,29,2
9,7474,2,44,5
9,4230,2,20,3
9,6410,5,32,3
10,7515,4,29,4
10,6541,4,2,1
10,10637,4,2,1
10,46,5,1,1
10,111,2,1,1
10,1833,2,1,6
10,701,1,34,76
10,8063,5,1,1
10,10349,2,8,1
10,6813,2,19,4
10,13,3,6,1
10,3739,1,22,2
10,37,3,1,1
10,2572,2,5,2
10,3464,2,7,3
10,6878,3,2,2
10,299,3,1,1
10,1852,4,3,7
10,11095,2,15,3
10,7599,4,3,1
10,10914,3,20,1
10,73,3,2,4
10,7992,1,66,2
10,3940,3,8,1
10,255,3,5,1
10,497,4,1,1
10,5551,3,5,4
10,68,2,14,1
10,6251,3,4,2
10,1,3,1,45
10,11423,3,2,3
10,3354,3,2,3
10,3789,4,1,2
10,11039,3,2,4
10,10994,4,1,3
10,2685,3,19,10
10,6470,3,3,1
10,6467,2,7,3
10,11589,5,4,3
10,3912,4,2,3
10,9,3,1,1
10,5050,3,3,7
10,6140,2,1,1
10,7017,5,1,2
10,7333,3,1,1
10,52,6,2,1
10,7015,4,1,2
10,3559,3,3,0
10,11427,6,2,1
10,513,1,36,6
10,7908,4,4,2
10,298,1,37,3
10,7927,2,17,1
10,6719,2,2,0
10,292,3,80,1
10,8192,5,1,1
10,5620,2,7,1
10,6654,4,3,1
10,1741,4,1,2
10,1901,6,1,2
10,5400,4,1,6
10,5378,4,2,3
10,517,3,7,2
10,7569,2,54,0
10,3951,3,8,8
10,11042,4,2,2
10,2905,4,2,1
10,2686,3,4,5
10,1273,4,3,3
10,3301,6,1,1
10,5424,2,4,2
10,6669,3,3,1
10,8831,2,23,1
10,11351,1,71,3
10,1329,2,103,1
10,1843,2,4,1
10,8959,1,150,1
10,3909,2,54,3
10,5696,3,3,7
10,88,2,48,2
10,11277,1,136,1
10,38,3,18,3
10,103,2,2,1
10,1312,4,4,2
10,10851,3,41,1
10,852,2,56,6
10,8264,2,9,0
10,803,5,1,3
10,11028,2,28,1
10,4637,4,14,2
10,3737,4,1,1
11,1760,2,17,2
11,7281,3,30,0
11,6301,5,3,1
11,714,4,2,1
11,17,6,2,0
11,1280,4,2,1
11,8143,2,8,2
11,11232,3,10,1
11,8543,2,2,3
11,592,4,2,1
11,1324,1,24,1
11,22,2,7,1
11,7770,2,4,2
11,11095,3,1,1
11,8052,3,17,2
11,10721,3,17,4
11,6463,3,4,2
11,6681,5,3,2
11,1455,1,12,1
11,7,4,2,2
11,6878,4,2,2
11,9396,2,12,1
11,131,2,6,1
11,8001,1,33,2
11,6360,1,14,0
11,854,2,33,2
11,7543,2,2,1
11,7599,5,2,0
11,5739,1,40,1
11,8578,2,17,1
11,3360,5,2,2
11,225,1,14,2
11,6510,2,9,2
11,7176,2,29,1
11,48,3,17,2
11,34,2,6,1
11,29,2,1,1
11,46,6,1,1
11,3676,3,1,3
11,11422,2,1,1
11,3506,3,3,2
11,5384,2,2,3
11,293,3,6,51
11,1740,3,6,27
11,77,3,15,1
11,11078,5,25,1
11,10796,5,2,3
11,6922,3,6,6
11,3463,5,4,1
11,10609,3,9,2
11,7806,3,1,2
11,93,4,3,3
11,6140,3,1,1
11,2856,4,6,5
11,6755,5,3,3
11,1221,7,2,2
11,4293,3,2,1
11,5666,2,2,1
11,7757,4,2,3
11,3464,3,1,2
11,5957,2,105,1
11,6679,2,52,3
11,1836,2,3,1
11,3254,1,68,0
11,4983,1,45,1
11,6580,1,43,2
11,10490,1,70,4
11,7927,3,1,1
11,6545,2,79,2
11,6852,4,3,1
11,3749,2,81,2
11,3549,2,32,6
11,50,2,29,1
11,3932,1,111,6
11,3450,4,3,2
11,1667,4,1,2
11,6654,5,1,1
11,702,3,2,13
11,5377,3,1,2
11,5583,4,1,1
11,8608,5,1,1
11,3300,2,12,22
11,6350,2,7,0
11,378,3,2,1
11,8228,5,2,2
11,1273,5,1,4
11,1103,3,39,4
11,8831,3,1,1
11,1136,3,42,1
11,4738,2,69,1
11,7474,3,1,2
11,11563,3,1,2
11,2841,4,3,1
11,1675,3,43,1
11,114,3,14,4
11,194,3,3,3
11,10482,2,112,2
11,24,2,43,3
11,600,3,2,3
11,693,2,34,2
11,297,3,3,12
11,217,2,51,2
11,3148,2,5,2
11,5646,4,4,13
11,267,2,3,2
11,7050,3,3,2
11,239,4,2,1
11,2477,1,233,1
11,6509,2,74,3
11,2603,3,2,5
11,3850,2,96,1
11,816,3,10,3
11,71,4,35,7
11,814,5,25,3
12,3302,2,20,1
12,592,5,1,1
12,8237,3,9,1
12,8041,2,25,2
12,7138,2,22,2
12,2553,2,3,1
12,6878,5,1,2
12,10466,2,12,2
12,10902,1,27,0
12,497,5,2,1
12,4969,3,5,3
12,1325,3,11,2
12,3599,1,103,1
12,8175,3,4,1
12,568,6,1,7
12,2685,4,1,9
12,2914,3,1,32
12,3257,2,1,13
12,3479,3,1,3
12,5683,5,1,5
12,7176,3,1,2
12,6467,3,1,5
12,8959,2,1,1
12,11351,2,1,1
12,88,3,1,1
12,5050,4,1,5
12,145,2,3,32
12,291,3,4,0
12,68,3,2,0
12,7212,2,4,1
12,6570,3,34,1
12,3794,5,4,0
12,196,2,5,1
12,11134,3,14,2
12,6433,3,6,1
12,8160,4,3,3
12,2767,4,4,3
12,7462,4,2,1
12,10851,4,1,1
12,4129,4,10,4
12,10643,3,5,1
12,5676,2,6,2
12,5650,3,3,2
12,7333,4,2,2
12,1239,2,6,65
12,6484,4,4,5
12,7853,4,4,3
12,6251,4,1,1
12,7015,5,2,3
12,11427,7,1,1
12,8469,4,6,1
12,5430,3,8,1
12,7908,5,2,2
12,11110,3,76,1
12,1323,4,4,1
12,11290,3,2,2
12,10821,4,3,2
12,1849,4,2,10
12,1836,3,1,1
12,5620,3,2,0
12,3301,7,2,1
12,1273,6,1,3
12,5424,3,1,1
12,8228,6,1,2
12,8264,3,1,1
12,7570,4,102,0
12,1335,3,51,2
12,11563,4,1,0
12,1249,1,125,1
12,302,3,37,1
12,104,2,62,2
12,4191,4,7,1
12,41,4,56,0
12,5746,4,3,2
12,267,3,1,2
12,7189,2,3,4
12,239,5,1,1
12,224,1,208,0
12,854,3,1,2
12,144,3,38,3
12,4637,5,2,1
12,7915,3,26,3
12,7843,3,58,1
12,10490,2,1,2
12,815,2,77,1
12,559,2,31,2
12,6223,2,7,2
12,2687,2,21,1
12,6347,5,19,3
12,10656,3,33,1
12,4694,4,51,3
12,2497,3,11,12
12,5588,4,68,3
12,7314,5,5,2
12,7925,4,70,1
12,6463,4,1,2
12,1280,5,1,3
12,1760,3,1,1
13,10902,2,1,1
13,11232,4,1,2
13,3967,3,2,7
13,3559,4,1,1
13,11268,5,1,2
13,71,5,1,6
13,293,4,1,37
13,297,4,1,8
13,568,7,1,4
13,2685,5,1,9
13,2856,5,1,4
13,3257,3,1,13
13,3450,5,1,2
13,5646,5,1,12
13,5683,6,1,8
13,6467,4,1,5
13,3932,2,1,6
13,11039,4,6,2
13,26,3,3,1
13,237,4,3,5
13,3676,4,2,3
13,5739,2,2,1
13,11423,4,2,3
13,5653,5,2,2
13,226,4,4,5
13,45,2,3,0
13,6406,5,4,0
13,7377,3,6,1
13,11030,4,3,2
13,10311,3,29,1
13,7657,2,3,3
13,1761,3,26,2
13,5673,4,18,1
13,10815,3,15,2
13,6433,4,1,1
13,6545,3,1,2
13,6443,5,6,1
13,4005,3,11,2
13,210,3,5,1
13,2572,3,4,1
13,5511,3,6,4
13,7515,5,3,4
13,10609,4,2,0
13,5496,4,3,4
13,8047,5,3,2
13,6755,6,2,3
13,4129,5,1,2
13,7853,5,1,2
13,7908,6,1,2
13,2915,2,66,0
13,1334,2,5,2
13,1675,4,1,1
13,298,2,3,3
13,174,2,58,10
13,4200,4,5,13
13,6113,3,5,6
13,1270,5,3,1
13,3254,2,2,1
13,3300,3,1,20
13,8196,3,14,0
13,5427,3,4,0
13,1853,3,7,4
13,1299,3,8,5
13,3215,4,5,3
13,5424,4,1,1
13,8264,4,1,1
13,8831,4,1,2
13,6851,4,5,1
13,114,4,1,4
13,2588,2,84,3
13,4557,1,164,2
13,1843,3,3,0
13,1706,6,9,0
13,5006,5,7,4
13,1325,4,1,2
13,1309,3,3,1
13,1938,4,3,1
13,549,3,12,3
13,6681,6,2,2
13,10261,3,34,2
13,803,6,2,2
13,577,2,113,5
13,10482,3,2,3
13,852,3,3,3
13,7992,2,3,1
13,10349,3,46,1
13,10680,3,88,1
13,3701,3,19,5
13,4231,5,36,2
13,3352,2,43,4
13,6793,3,143,0
13,1453,4,52,1
13,4230,3,19,2
13,1800,1,46,10
13,3344,3,38,4
13,10947,3,10,3
13,101,2,81,1
13,8966,2,31,2
13,10466,3,3,1
13,385,2,97,1
13,6356,1,161,1
13,7192,2,91,2
13,497,6,5,1
13,73,4,58,3
13,7,5,85,2
13,255,4,358,1
13,5388,2,33,3
13,16,3,19,0
13,7066,4,47,3
13,3,2,28,1
13,721,3,132,5
13,8175,4,99,2
13,48,4,19,3
14,17,7,2,1
14,5413,3,58,3
14,199,4,24,1
14,7281,4,2,1
14,7570,5,1,1
14,8143,3,2,3
14,144,4,1,2
14,6347,6,1,4
14,7314,6,1,2
14,714,5,3,1
14,3527,4,3,1
14,5723,4,7,1
14,6172,4,3,10
14,10725,4,18,2
14,1740,4,2,25
14,2914,4,2,37
14,7599,6,1,1
14,3549,3,2,6
14,1761,4,1,1
14,2685,6,1,9
14,3967,4,1,9
14,5683,7,1,9
14,6467,5,1,3
14,5719,3,2,1
14,29,3,3,0
14,38,4,3,2
14,225,2,3,0
14,2041,4,10,3
14,8578,3,3,1
14,3789,5,4,3
14,6660,4,8,4
14,10455,2,18,0
14,11397,2,7,2
14,6545,4,1,2
14,7018,3,9,47
14,7462,5,2,0
14,10562,3,4,1
14,2027,2,5,0
14,11383,4,8,0
14,9,4,1,1
14,2902,3,7,1
14,6459,7,10,1
14,10771,4,6,2
14,7017,6,4,3
14,6140,4,3,1
14,11492,4,5,2
14,6122,3,5,1
14,10513,4,4,2
14,4293,4,3,1
14,7757,5,3,3
14,6484,5,2,5
14,6580,2,2,1
14,1249,2,1,1
14,8047,6,1,2
14,10815,4,1,1
14,11134,4,9,1
14,4926,3,11,4
14,8761,3,69,1
14,1327,4,5,1
14,3305,2,12,2
14,1329,3,27,1
14,1673,2,8,21
14,5378,5,3,2
14,1901,7,11,2
14,3333,2,15,12
14,6350,3,3,1
14,3951,4,4,5
14,6770,5,7,1
14,2905,5,2,1
14,11042,5,17,0
14,8237,4,2,1
14,3343,3,7,1
14,2828,4,8,5
14,3491,2,8,7
14,1136,4,3,3
14,2841,5,179,1
14,7276,3,31,0
14,3847,1,64,9
14,267,4,21,2
14,854,4,2,1
14,10349,4,1,1
14,3599,2,2,1
14,6388,3,33,2
14,33,3,22,3
14,11690,3,51,2
14,37,4,44,1
14,592,6,35,1
14,5957,3,70,1
14,6606,1,48,1
14,3602,5,21,3
14,11095,4,1,2
14,5459,4,34,17
14,6813,3,50,2
14,786,2,13,4
14,6683,3,38,1
14,6192,5,13,1
14,6878,6,34,2
14,8271,4,6,1
14,8874,5,21,1
14,6,3,41,1
14,4231,6,1,3
14,3559,5,1,1
14,16,4,1,1
14,50,3,1,2
14,68,4,1,1
14,291,4,1,1
14,513,2,1,5
15,3506,4,1,2
15,1706,7,1,1
15,4129,6,1,2
15,5650,4,1,2
15,5676,3,1,1
15,1239,3,2,55
15,3450,6,2,2
15,48,5,1,2
15,199,5,1,1
15,2914,5,1,30
15,3527,5,1,1
15,4200,5,1,7
15,5723,5,1,1
15,10725,5,1,1
15,11351,3,2,4
15,160,3,5,1
15,7192,3,1,1
15,3112,4,7,1
15,1312,5,4,0
15,299,4,4,2
15,4,3,3,1
15,11422,3,3,1
15,131,3,4,2
15,4565,4,7,8
15,7586,2,6,1
15,5384,3,3,3
15,5409,2,6,5
15,77,4,5,1
15,10994,5,4,4
15,6470,4,5,0
15,10261,4,1,2
15,6510,3,5,2
15,5050,5,16,6
15,8052,4,4,1
15,10915,4,34,0
15,104,3,1,3
15,7853,6,2,2
15,6122,4,1,2
15,6580,3,1,1
15,8047,7,1,1
15,8966,3,1,1
15,10947,4,1,1
15,9026,4,75,1
15,8527,3,41,1
15,6705,2,58,3
15,8918,3,8,3
15,7908,7,3,1
15,8297,3,28,4
15,6735,2,46,1
15,11293,2,67,1
15,3582,3,32,1
15,8192,6,21,1
15,1334,3,2,1
15,1335,4,2,1
15,5378,6,1,2
15,2603,4,2,6
15,1836,4,3,1
15,1901,8,1,2
15,5400,5,4,6
15,679,3,31,1
15,8820,5,7,1
15,2905,6,1,1
15,1299,4,2,5
15,5388,3,1,3
15,1755,3,30,19
15,1103,4,5,4
15,7138,3,3,1
15,10780,1,65,2
15,3909,3,4,2
15,600,4,4,6
15,3676,5,2,2
15,271,5,18,4
15,6509,3,3,2
15,239,6,3,1
15,549,4,1,1
15,1717,4,7,5
15,10437,3,22,3
15,81,3,48,3
15,6385,2,63,2
15,11090,4,9,1
15,592,7,1,1
15,7170,3,31,13
15,2553,3,61,2
15,11260,3,229,1
15,6356,2,1,2
15,400,3,155,2
15,73,5,2,4
15,8001,2,87,2
15,6878,7,1,2
15,8874,6,1,1
15,34,3,47,2
15,5641,3,201,2
15,8063,6,9,2
15,8415,4,4,1
15,1744,3,13,1
15,4738,3,21,1
15,1760,4,3,2
15,4983,2,3,1
15,7915,4,3,1
15,3701,4,2,3
15,7281,5,2,1
15,6347,7,2,4
15,7515,6,2,2
15,11030,5,2,2
15,11232,5,14,2
15,6719,3,21,1
15,4000,2,9,9
15,6852,5,9,1
15,5746,5,9,1
15,11028,3,16,1
15,6301,6,15,2
15,1833,3,11,5
15,3794,6,51,1
16,3360,6,65,2
16,5696,4,36,5
16,4637,6,2,2
16,693,3,2,2
16,68,5,1,1
16,3506,5,1,1
16,6406,6,2,1
16,41,5,2,1
16,568,8,3,7
16,803,7,2,1
16,5511,4,2,3
16,7333,5,2,1
16,5427,4,2,2
16,3,3,2,3
16,714,6,2,1
16,10455,3,1,1
16,1800,2,2,11
16,5673,5,1,2
16,5683,8,2,8
16,5006,6,2,6
16,6,4,1,1
16,3527,6,1,1
16,3847,2,1,12
16,7018,4,1,52
16,1785,4,5,4
16,7192,4,2,2
16,7016,5,7,4
16,111,3,9,2
16,7770,3,5,2
16,47,4,3,0
16,5653,6,3,3
16,1852,5,7,6
16,226,5,3,5
16,7543,3,6,1
16,2548,4,15,18
16,9430,5,23,0
16,6988,3,21,0
16,11110,4,3,0
16,1206,2,19,0
16,3912,5,7,4
16,8743,3,20,2
16,11060,6,19,1
16,52,7,16,2
16,2637,4,67,2
16,4191,5,3,1
16,1249,3,2,2
16,10915,5,1,1
16,7,6,1,1
16,6580,4,1,1
16,7853,7,1,1
16,8047,8,1,1
16,3561,2,10,59
16,10318,4,12,0
16,11427,8,3,0
16,1324,2,19,1
16,10821,5,22,1
16,5583,5,5,3
16,1741,5,13,2
16,1270,6,3,2
16,3333,3,2,10
16,5620,4,2,1
16,1113,3,10,1
16,8237,5,2,1
16,3303,6,9,2
16,8472,2,11,2
16,8264,5,3,1
16,8209,2,65,2
16,6730,3,77,1
16,114,5,2,5
16,159,4,71,0
16,3669,2,8,1
16,6320,5,9,3
16,2477,2,5,0
16,4201,3,46,1
16,2381,3,38,4
16,6681,7,3,1
16,2647,2,14,1
16,4592,2,21,1
16,6327,2,46,7
16,4657,3,60,2
16,10482,4,34,2
16,7260,3,9,3
16,6669,4,7,1
16,10838,4,15,3
16,7046,2,41,1
16,2497,4,18,20
16,1453,5,22,0
16,11154,1,36,0
16,8933,2,10,2
16,6411,2,42,0
16,2033,4,11,1
16,11426,1,156,0
16,4969,4,6,2
16,8175,5,2,1
16,668,3,60,11
16,22,3,74,0
16,80,4,6,1
16,7569,3,20,1
16,7570,6,19,1
16,559,3,4,2
16,10637,5,5,2
16,7843,4,4,2
16,8143,4,3,1
16,1744,4,1,1
16,4231,7,1,3
16,6385,3,1,2
16,7515,7,1,4
16,7915,5,1,2
16,10513,5,1,1
16,8063,7,1,2
16,11690,4,1,2
16,6461,5,29,12
17,297,5,4,13
17,2572,4,3,1
17,4005,4,3,3
17,10609,5,3,1
17,8041,3,3,2
17,5427,5,1,2
17,8469,5,2,1
17,6705,3,1,3
17,5430,4,3,2
17,225,3,1,1
17,3676,6,1,3
17,145,3,2,38
17,6509,4,1,1
17,2685,7,3,12
17,8192,7,1,1
17,3932,3,3,6
17,33,4,2,3
17,4129,7,1,1
17,8052,5,1,1
17,11492,5,1,1
17,1334,4,1,2
17,1335,5,1,2
17,1673,3,2,20
17,7599,7,1,1
17,4200,6,2,13
17,11383,5,1,0
17,714,7,1,2
17,3527,7,1,1
17,3847,3,1,8
17,5641,4,1,1
17,7170,4,1,12
17,10725,6,2,3
17,3354,4,7,4
17,4017,4,6,0
17,11039,5,4,4
17,5719,4,4,0
17,46,7,6,1
17,8578,4,3,1
17,27,3,39,0
17,10721,4,6,2
17,8074,2,45,0
17,6251,5,14,1
17,1221,8,6,1
17,7015,6,5,2
17,194,4,4,1
17,6755,7,4,2
17,10780,2,1,1
17,6654,6,7,1
17,8251,2,7,3
17,3320,3,7,10
17,3344,4,3,3
17,517,4,7,2
17,8297,4,2,4
17,5388,4,1,2
17,702,4,37,12
17,2828,5,2,4
17,1741,6,1,3
17,3305,3,3,3
17,3300,4,4,17
17,8820,6,2,1
17,6735,3,2,0
17,11042,6,2,1
17,679,4,2,1
17,2686,4,8,6
17,8228,7,5,2
17,3301,8,3,0
17,3215,5,4,4
17,8264,6,1,1
17,8210,4,8,3
17,3066,2,12,1
17,5418,3,127,0
17,8387,1,185,1
17,6696,2,122,0
17,7276,4,2,3
17,4557,2,3,2
17,103,3,7,1
17,38,5,4,2
17,7050,4,63,0
17,1717,5,1,3
17,6679,3,7,2
17,10349,5,3,0
17,10680,4,13,1
17,10561,3,17,2
17,5957,4,3,0
17,132,2,70,0
17,255,5,2,1
17,685,2,115,4
17,815,3,6,2
17,6327,3,1,5
17,6541,5,13,1
17,3850,3,25,2
17,6360,2,27,1
17,8415,5,2,0
17,1280,6,6,3
17,6223,3,5,1
17,4230,4,5,2
17,6388,4,2,2
17,7281,6,2,1
17,11090,5,2,2
17,559,4,1,1
17,4592,3,1,2
17,7586,3,2,2
17,11268,6,25,2
17,7927,4,43,1
17,3749,3,20,2
17,4766,4,28,5
17,3789,6,3,3
17,7176,4,26,1
17,16,5,9,1
17,11078,6,24,1
18,600,5,2,5
18,6510,4,25,1
18,852,4,4,5
18,5427,6,1,1
18,5646,6,5,12
18,160,4,2,0
18,174,3,4,10
18,10311,4,3,1
18,3549,4,4,9
18,3967,5,4,7
18,3602,6,2,2
18,5650,5,2,2
18,7017,7,2,3
18,4005,5,1,2
18,8052,6,1,1
18,1239,4,3,57
18,10609,6,1,1
18,4969,5,1,1
18,2914,6,3,34
18,6,5,2,1
18,3360,7,2,2
18,4000,3,2,7
18,5746,6,1,1
18,6545,5,1,1
18,7462,6,1,1
18,297,6,1,12
18,714,8,1,2
18,3561,3,1,63
18,8959,3,6,2
18,7756,5,8,2
18,7192,5,1,2
18,1852,6,1,6
18,131,4,4,0
18,5384,4,3,3
18,7543,4,1,1
18,11397,3,4,2
18,6410,6,11,3
18,77,5,3,1
18,10851,5,19,1
18,11021,4,9,1
18,3940,4,17,1
18,11277,2,7,0
18,10915,6,2,1
18,6484,6,4,1
18,10815,5,4,1
18,11134,5,3,1
18,9026,5,3,1
18,11589,6,23,2
18,5549,2,33,1
18,8271,5,3,1
18,6570,4,24,1
18,786,3,2,6
18,3344,5,1,3
18,224,2,20,1
18,5388,5,1,4
18,1755,4,2,14
18,8472,3,1,1
18,5583,6,1,2
18,702,5,1,9
18,8527,4,3,1
18,6813,4,3,3
18,3352,3,4,3
18,8761,4,4,1
18,5424,5,21,2
18,209,3,28,5
18,8209,3,2,2
18,114,6,2,3
18,549,5,2,2
18,803,8,2,1
18,5548,5,80,1
18,3737,5,28,1
18,11563,5,12,1
18,298,3,20,1
18,6463,5,5,2
18,3447,3,36,1
18,255,6,40,1
18,1455,2,182,1
18,1275,5,132,4
18,2711,1,66,3
18,814,6,19,3
18,7570,7,31,1
18,4694,5,6,3
18,144,5,5,3
18,6411,3,2,1
18,7260,4,2,3
18,7843,5,2,1
18,8143,5,2,2
18,1280,7,1,3
18,4230,5,1,2
18,6360,3,1,1
18,11090,6,1,2
18,11690,5,1,1
18,11232,6,2,1
18,5691,5,12,1
18,11015,3,19,2
18,237,5,14,6
18,7016,6,1,2
18,4637,7,1,2
18,3506,6,3,2
18,8578,5,1,1
18,16,6,1,1
18,6406,7,1,1
18,6705,4,1,2
19,6192,6,3,1
19,10311,5,1,1
19,5676,4,4,2
19,6113,4,5,6
19,10821,6,2,1
19,48,6,4,2
19,199,6,4,1
19,7138,4,3,1
19,5511,5,5,2
19,1675,5,3,1
19,5723,6,6,2
19,3450,7,14,3
19,3,4,3,3
19,225,4,1,1
19,6509,5,1,2
19,34,4,3,2
19,6719,4,2,0
19,5683,9,3,7
19,11268,7,1,2
19,10947,5,2,2
19,11110,5,2,1
19,11154,2,2,1
19,7018,5,3,44
19,22,4,1,1
19,3527,8,13,1
19,3847,4,2,8
19,3360,8,1,1
19,7176,5,1,1
19,10725,7,1,2
19,11039,6,1,3
19,18,4,18,2
19,3354,5,2,2
19,6200,5,9,3
19,11423,5,8,4
19,5739,3,6,1
19,226,6,2,5
19,1742,3,18,1
19,10261,5,10,2
19,7806,4,8,1
19,4293,5,6,1
19,8966,4,4,3
19,3480,2,104,2
19,9026,6,1,1
19,11290,4,11,2
19,5594,2,13,4
19,5413,4,8,2
19,3344,6,1,3
19,2603,5,18,5
19,1836,5,29,2
19,1901,9,6,2
19,5377,4,49,3
19,8237,6,1,1
19,3303,7,2,2
19,3333,4,3,8
19,5400,6,3,5
19,8472,4,1,0
19,1755,5,1,12
19,3320,4,2,10
19,3951,5,5,9
19,4926,4,3,2
19,378,4,8,1
19,8196,4,6,2
19,8761,5,1,1
19,6762,2,20,2
19,6805,3,12,5
19,3128,3,13,3
19,1325,5,6,2
19,852,5,1,3
19,1309,4,6,1
19,6681,8,2,2
19,7473,3,9,4
19,87,4,77,2
19,5727,4,23,4
19,3493,5,40,2
19,8543,3,75,2
19,13,4,55,2
19,2553,4,14,1
19,816,4,21,3
19,7992,3,27,0
19,7570,8,1,1
19,7474,4,44,4
19,3701,5,4,5
19,1744,5,3,1
19,2647,3,3,1
19,7915,6,3,1
19,8415,6,2,1
19,10513,6,3,2
19,559,5,2,2
19,8063,8,2,2
19,8210,5,2,3
19,814,7,1,3
19,1280,8,1,3
19,2711,2,1,3
19,4230,6,1,2
19,6410,7,1,1
19,7260,5,1,3
19,11232,7,1,1
19,3559,6,4,1
19,88,4,22,3
19,2041,5,5,3
19,217,3,12,3
19,5409,3,4,3
19,24,3,7,1
19,6251,6,7,1
19,10482,5,15,1
19,2027,3,17,0
19,8743,4,3,2
19,41,6,9,1
19,3257,4,9,11
19,5430,5,5,1
19,29,4,8,1
19,4,4,1,1
19,47,5,1,1
19,6654,7,1,1
19,5650,6,1,2
19,7017,8,1,2
19,11021,5,1,1
20,3549,5,2,9
20,1221,9,1,1
20,6755,8,1,2
20,8047,9,1,1
20,8074,3,1,1
20,10947,6,1,1
20,11589,7,1,1
20,3967,6,2,9
20,103,4,1,1
20,3,5,1,2
20,34,5,1,1
20,3360,9,1,1
20,3450,8,1,3
20,6113,5,1,5
20,8959,4,1,2
20,1,4,10,56
20,6570,5,1,1
20,10437,4,4,2
20,1201,5,28,3
20,25,4,12,2
20,6453,3,12,11
20,5050,6,5,9
20,3739,2,11,3
20,93,5,9,5
20,5666,3,9,1
20,8750,5,45,1
20,9026,7,62,1
20,1326,4,27,1
20,3305,4,2,2
20,8608,6,8,1
20,3254,3,7,0
20,1849,5,22,9
20,5377,5,1,2
20,5418,4,1,2
20,6730,4,1,1
20,1836,6,1,2
20,1901,10,1,2
20,5400,7,1,5
20,8820,7,1,1
20,3491,3,5,10
20,3339,3,39,1
20,11042,7,3,2
20,1136,5,6,4
20,1653,4,21,2
20,1325,6,1,1
20,239,7,3,1
20,1717,6,2,4
20,1938,5,7,0
20,234,2,40,3
20,1691,4,178,1
20,3758,2,12,1
20,49,3,24,1
20,1680,4,26,2
20,8175,6,5,1
20,815,4,3,0
20,7569,4,4,0
20,4738,4,5,0
20,5588,5,13,3
20,1760,5,5,3
20,7992,4,1,1
20,10349,6,5,1
20,6385,4,5,1
20,10838,5,4,4
20,3850,4,3,2
20,814,8,1,2
20,3493,6,1,4
20,7474,5,1,2
20,10513,7,1,2
20,10902,3,21,1
20,3480,3,1,1
20,50,4,10,1
20,16,7,1,1
20,293,5,12,51
20,3789,7,9,2
20,1843,4,25,1
20,5427,7,3,1
20,159,5,11,2
20,600,6,1,2
20,8469,6,10,0
20,6140,5,9,1
20,10455,4,11,1
20,7377,4,22,1
20,7333,6,7,3
20,104,4,99,4
20,8041,4,6,2
20,6467,6,11,3
20,10821,7,37,1
20,46,8,7,2
20,11422,4,7,2
20,568,9,5,8
20,1673,4,7,26
20,2497,5,14,20
20,7853,8,14,2
20,1675,6,11,0
20,5746,7,23,2
20,22,5,8,2
20,33,5,12,2
20,11383,6,13,1
20,27,4,3,1
20,668,4,8,9
20,77,6,2,1
20,10780,3,10,1
20,6,6,10,0
20,2637,5,13,1
20,714,9,3,1
20,5676,5,2,2
20,8052,7,2,2
20,3066,3,2,2
20,11021,6,1,1
21,11277,3,2,1
21,11427,9,2,1
21,4293,6,1,1
21,6755,9,1,3
21,10947,7,1,2
21,48,7,2,2
21,5683,10,2,7
21,10851,6,1,1
21,7018,6,3,50
21,11015,4,2,0
21,7170,5,3,11
21,5719,5,3,1
21,1785,5,11,4
21,127,4,11,3
21,8959,5,1,1
21,7657,3,10,3
21,7212,3,9,2
21,1206,3,22,0
21,5050,7,1,1
21,7806,5,2,0
21,5392,4,53,1
21,9026,8,1,0
21,8527,5,2,0
21,8271,6,27,1
21,2603,6,1,4
21,3301,9,3,1
21,5583,7,3,3
21,702,6,3,12
21,3303,8,1,4
21,8228,8,1,1
21,3951,6,1,7
21,3967,7,1,6
21,5620,5,2,1
21,3300,5,3,18
21,8196,5,1,1
21,8761,6,1,1
21,6350,4,6,0
21,1113,4,144,1
21,1309,5,2,0
21,577,3,7,7
21,3599,3,7,1
21,6859,3,44,1
21,497,7,8,1
21,255,7,3,1
21,10466,4,29,3
21,721,4,16,5
21,73,6,6,4
21,3940,5,4,1
21,2917,5,40,5
21,2554,1,157,2
21,17,8,24,1
21,7314,7,21,2
21,6347,8,25,5
21,3737,6,4,1
21,8415,7,20,1
21,6541,6,5,1
21,7281,7,16,1
21,7992,5,1,2
21,7260,6,2,2
21,7915,7,13,3
21,49,4,1,1
21,1760,6,1,3
21,3739,3,1,2
21,5727,5,1,4
21,7474,6,1,1
21,8750,6,1,2
21,701,2,11,72
21,11090,7,3,0
21,45,3,14,0
21,2915,3,16,1
21,4657,4,4,2
21,6679,4,4,4
21,291,5,7,0
21,10643,4,13,1
21,210,4,23,3
21,3112,5,25,2
21,1312,6,61,2
21,7377,5,1,1
21,10311,6,1,1
21,693,4,48,2
21,10771,5,17,1
21,1329,4,19,0
21,8001,3,19,2
21,38,6,18,3
21,225,5,3,2
21,4201,4,4,2
21,4129,8,24,3
21,237,6,3,6
21,18,5,1,2
21,1201,6,1,3
21,11039,7,1,1
21,6988,4,14,0
21,6606,2,15,1
21,5006,7,12,4
21,11563,6,3,2
21,27,5,1,1
21,3932,4,8,4
21,2027,4,2,1
21,3602,7,3,2
21,4005,6,3,2
21,7138,5,3,2
21,93,6,1,2
22,7017,9,1,2
22,8041,5,1,1
22,8052,8,1,2
22,2033,5,2,1
22,10815,6,4,1
22,8047,10,2,2
22,6755,10,1,2
22,7853,9,1,1
22,11589,8,1,1
22,6719,5,3,1
22,3559,7,2,1
22,3527,9,3,0
22,5691,6,3,0
22,5723,7,3,1
22,11154,3,2,0
22,11383,7,1,1
22,6461,6,6,11
22,8918,4,7,4
22,11293,3,2,1
22,3388,4,28,3
22,1852,7,3,7
22,10796,6,12,3
22,4130,2,50,0
22,10994,6,11,4
22,9,5,48,0
22,10261,6,5,2
22,3463,6,11,1
22,7757,6,8,3
22,6122,5,9,2
22,3343,4,20,1
22,2493,4,19,2
22,8271,7,1,1
22,5551,4,13,4
22,786,4,3,6
22,224,3,47,0
22,1270,7,38,0
22,1299,5,5,6
22,209,4,3,4
22,5388,6,2,5
22,3303,9,1,3
22,3254,4,1,1
22,3967,8,1,7
22,6113,6,2,4
22,10821,8,1,0
22,3305,5,2,2
22,2905,7,7,1
22,6793,4,34,0
22,302,4,12,2
22,8209,4,34,3
22,2477,3,3,1
22,1717,7,1,2
22,803,9,5,3
22,1691,5,1,2
22,852,6,2,4
22,267,5,37,2
22,7922,4,74,7
22,10490,3,9,4
22,10680,5,4,2
22,424,3,122,0
22,2687,3,46,2
22,55,4,161,0
22,11423,6,5,4
22,685,3,4,3
22,8874,7,7,0
22,6411,4,4,0
22,6463,6,29,0
22,11030,6,21,1
22,4231,8,6,2
22,7515,8,13,3
22,4592,4,5,0
22,6388,5,5,1
22,144,6,21,1
22,6360,4,6,0
22,559,6,3,0
22,1744,6,3,0
22,8175,7,2,2
22,3701,6,3,3
22,6410,8,3,1
22,8063,9,12,1
22,6327,4,1,5
22,10349,7,1,1
22,10437,5,2,1
22,10838,6,3,2
22,11028,4,7,1
22,3758,3,2,2
22,71,6,16,3
22,7018,7,1,39
22,4637,8,4,1
22,68,6,7,0
22,292,4,22,0
22,3506,7,3,1
22,4191,6,10,2
22,3909,4,10,2
22,2902,4,14,1
22,6172,5,64,9
22,3676,7,12,3
22,194,5,32,3
22,5673,6,40,3
22,1,5,1,40
22,46,9,2,1
22,5739,4,2,1
22,6200,6,2,2
22,210,5,1,3
22,4201,5,1,1
22,6453,4,2,10
22,6852,6,6,2
22,4565,5,7,8
22,9430,6,18,0
22,6470,5,8,0
22,6443,6,17,0
22,6545,6,24,2
22,5746,8,2,2
23,11268,8,2,1
23,5696,5,11,7
23,2548,5,6,15
23,10780,4,1,1
23,11397,4,9,0
23,34,6,2,0
23,298,4,4,3
23,10609,7,5,1
23,5650,7,2,2
23,6140,6,2,1
23,7333,7,2,2
23,7017,10,1,1
23,7138,6,1,2
23,8041,6,1,1
23,11492,6,4,2
23,8001,4,1,2
23,2914,7,5,34
23,3066,4,2,0
23,6813,5,14,4
23,4926,5,3,2
23,8074,4,3,1
23,11427,10,2,1
23,3940,6,1,1
23,6755,11,1,2
23,10815,7,1,1
23,4766,5,5,3
23,3789,8,2,2
23,199,7,4,0
23,3847,5,5,8
23,592,8,4,1
23,6570,6,3,1
23,8196,6,1,1
23,196,3,12,0
23,6433,5,22,0
23,10914,4,16,0
23,6851,5,247,1
23,1667,5,13,2
23,8387,2,6,1
23,5413,5,4,2
23,5548,6,4,2
23,6669,5,6,1
23,517,5,6,3
23,6859,4,1,2
23,3343,5,1,1
23,3344,7,2,4
23,5424,6,3,3
23,8228,9,2,2
23,1755,6,5,17
23,5583,8,2,4
23,568,10,2,6
23,2917,6,1,3
23,3491,4,2,6
23,286,3,16,24
23,3300,6,1,16
23,8543,4,3,3
23,8750,7,1,1
23,8761,7,1,1
23,1853,4,16,3
23,8297,5,3,4
23,8831,5,24,2
23,2381,4,29,4
23,302,5,1,2
23,4557,3,27,3
23,239,8,15,1
23,6681,9,3,1
23,11351,4,7,3
23,10656,4,13,1
23,2637,6,3,0
23,400,4,8,2
23,721,5,1,2
23,11095,5,215,2
23,2150,3,91,3
23,32,3,74,0
23,6878,8,10,2
23,7843,6,5,1
23,815,5,3,2
23,10680,6,1,2
23,87,5,5,0
23,7922,5,1,5
23,1280,9,4,0
23,8175,8,1,1
23,6385,5,3,1
23,11232,8,13,1
23,11690,6,14,1
23,559,7,1,1
23,7770,4,16,2
23,3479,4,35,1
23,8578,6,3,1
23,3354,6,4,3
23,7066,5,13,4
23,2856,6,13,6
23,11078,7,6,2
23,24,4,3,3
23,600,7,2,3
23,194,6,1,3
23,217,4,3,1
23,237,7,2,5
23,3388,5,1,3
23,3676,8,1,2
23,55,5,1,1
23,6580,5,14,1
23,7462,7,10,0
23,132,3,16,1
23,1324,3,15,1
23,7314,8,2,1
23,1717,8,1,1
23,10821,9,1,1
23,7515,9,1,2
23,3758,4,1,1
23,7915,8,1,1
23,3701,7,1,2
23,11383,8,1,1
23,5719,6,1,1
24,8063,10,1,1
24,5378,7,11,3
24,8469,7,1,1
24,5430,6,2,1
24,5549,3,2,1
24,1849,6,4,12
24,5413,6,1,1
24,2686,5,9,6
24,6793,5,1,1
24,8608,7,35,1
24,3320,5,4,6
24,3254,5,2,0
24,3549,6,4,5
24,224,4,2,1
24,2917,7,1,2
24,2915,4,1,1
24,5641,5,2,1
24,3951,7,3,6
24,209,5,2,3
24,8543,5,1,2
24,8228,10,1,1
24,6770,6,37,1
24,6762,3,4,1
24,3302,3,21,1
24,11042,8,4,1
24,5459,5,9,10
24,4557,4,1,1
24,1325,7,5,2
24,803,10,1,2
24,577,4,3,6
24,1225,3,20,5
24,549,6,8,2
24,6683,4,11,1
24,267,6,2,1
24,3599,4,1,1
24,385,3,16,0
24,13,5,2,1
24,6356,3,17,1
24,6381,7,102,0
24,721,6,1,2
24,4004,2,42,4
24,81,4,13,3
24,816,5,5,2
24,815,6,1,2
24,3794,7,30,1
24,6679,5,3,2
24,3480,4,4,1
24,6922,4,37,4
24,6510,5,35,2
24,8743,5,5,0
24,159,6,30,1
24,7377,6,3,1
24,11030,7,13,1
24,10455,5,13,1
24,1327,5,39,1
24,5496,5,16,3
24,1706,8,75,2
24,6509,6,7,2
24,3,6,4,2
24,34,7,1,1
24,48,8,1,2
24,199,8,1,1
24,286,4,1,12
24,2637,7,1,2
24,3360,10,1,1
24,3932,5,1,5
24,3847,6,1,6
24,3967,9,1,6
24,5683,11,1,7
24,6113,7,1,5
24,6467,7,1,2
24,11015,5,1,2
24,29,5,6,1
24,4191,7,2,2
24,1742,4,4,2
24,7066,6,1,4
24,9,6,1,1
24,1206,4,1,1
24,4201,6,1,1
24,4,5,4,1
24,145,4,10,40
24,1800,3,9,14
24,1833,4,9,8
24,6301,7,23,3
24,1329,5,13,1
24,298,5,2,2
24,1675,7,9,1
24,2493,5,17,2
24,297,7,17,9
24,2553,5,27,2
24,10721,5,6,4
24,6606,3,2,1
24,5676,6,5,3
24,4005,7,10,3
24,6411,5,24,1
24,6347,9,27,4
24,11021,7,14,1
24,4231,9,2,3
24,4637,9,6,3
24,10643,5,11,1
24,7543,5,5,2
24,7015,7,27,2
24,8047,11,3,2
24,6251,7,30,1
24,6122,6,2,2
24,8074,5,2,1
24,10796,7,2,3
24,10838,7,2,4
24,3561,4,8,45
24,6545,7,2,3
24,103,5,42,1
24,10725,8,28,3
24,26,4,71,1
24,7192,6,60,1
24,127,5,76,2
24,3491,5,1,5
24,132,4,1,1
24,144,7,1,2
24,559,8,1,1
24,1280,10,1,3
24,1744,7,1,1
25,6360,5,1,1
25,6385,6,1,1
25,6410,9,1,2
25,7474,7,1,2
25,8047,12,1,1
25,8750,8,1,1
25,2548,6,2,17
25,3527,10,10,1
25,5727,6,2,6
25,7462,8,1,1
25,3549,7,1,6
25,6922,5,2,4
25,11039,8,2,4
25,225,6,4,0
25,6200,7,3,2
25,237,8,2,5
25,3676,9,2,2
25,7016,7,8,3
25,1327,6,1,1
25,1326,5,36,1
25,298,6,1,1
25,2493,6,1,1
25,1717,9,1,1
25,7806,6,3,2
25,2033,6,37,1
25,6140,7,17,1
25,7908,8,5,1
25,7333,8,47,3
25,7599,8,39,2
25,11134,6,14,1
25,10643,6,1,1
25,7757,7,3,2
25,10947,8,5,2
25,7927,5,7,1
25,4000,4,36,13
25,1453,6,37,1
25,1785,6,33,5
25,3999,2,62,1
25,226,7,29,6
25,6388,6,3,2
25,786,5,3,3
25,9026,9,4,1
25,8251,3,9,3
25,2150,4,2,3
25,5549,4,10,1
25,8472,5,6,3
25,3257,5,11,13
25,1741,7,16,3
25,3333,5,50,9
25,2603,7,16,5
25,8387,3,156,1
25,702,7,46,9
25,6730,5,64,0
25,5548,7,3,2
25,2497,6,28,13
25,2841,6,478,1
25,378,5,424,1
25,8527,6,50,2
25,5594,3,5,5
25,3352,4,24,3
25,3339,4,76,0
25,2840,2,200,2
25,1136,6,39,3
25,239,9,3,0
25,3599,5,39,1
25,854,5,30,1
25,114,7,49,5
25,852,7,28,5
25,37,5,97,1
25,1680,5,50,2
25,234,3,62,2
25,592,9,65,1
25,101,3,92,1
25,22,6,65,2
25,10637,6,77,2
25,7925,5,147,1
25,8175,9,44,2
25,1761,5,131,1
25,3669,3,30,1
25,7725,4,173,2
25,4694,6,46,3
25,7657,4,67,2
25,5409,4,26,4
25,4230,7,106,1
25,7046,3,168,1
25,814,9,61,3
25,32,4,36,2
25,2572,5,63,2
25,2711,3,65,3
25,6660,5,78,3
25,6327,5,59,4
25,6679,6,92,2
25,16,8,2,1
25,209,6,2,3
26,292,5,3,1
26,13,6,28,2
26,7922,6,35,8
26,668,5,13,6
26,17,9,2,1
26,49,5,2,1
26,816,6,2,2
26,1755,7,2,17
26,6762,4,1,3
26,8196,7,1,2
26,6381,8,2,2
26,11232,9,2,1
26,144,8,1,2
26,7474,8,1,2
26,8750,9,1,2
26,11397,5,2,1
26,3066,5,2,2
26,2914,8,3,40
26,4565,6,3,9
26,11268,9,2,2
26,6172,6,3,9
26,6461,7,3,13
26,6453,5,3,8
26,8918,5,3,2
26,1742,5,1,1
26,6545,8,1,1
26,6606,4,1,2
26,11154,4,2,1
26,10437,6,3,3
26,48,9,2,3
26,3491,6,1,7
26,6467,8,2,3
26,1800,4,1,11
26,2548,7,1,15
26,1,6,4,48
26,194,7,3,4
26,18,6,5,2
26,210,6,4,3
26,5739,5,4,2
26,4,6,2,1
26,7212,4,5,1
26,1329,6,2,1
26,1327,7,1,1
26,1673,5,10,19
26,41,7,6,1
26,174,4,20,9
26,6654,8,41,0
26,1717,10,1,1
26,1760,7,5,3
26,2027,5,17,1
26,3463,7,6,1
26,4969,6,19,3
26,52,8,35,2
26,10609,8,28,2
26,10780,5,14,1
26,7543,6,2,1
26,4293,7,7,1
26,4657,5,59,2
26,5650,8,44,2
26,11277,4,6,1
26,10914,5,2,1
26,5666,4,22,1
26,7853,10,5,3
26,131,5,26,2
26,4004,3,2,2
26,10721,6,2,3
26,10643,7,1,1
26,11492,7,2,2
26,10815,8,4,2
26,11427,11,4,1
26,11589,9,4,3
26,10561,4,40,1
26,5646,7,67,14
26,103,6,33,0
26,11351,5,2,2
26,5384,5,48,3
26,10261,7,36,2
26,11423,7,61,3
26,11235,4,34,1
26,5078,2,28,1
26,2767,5,53,3
26,3464,4,16,3
26,8933,3,31,2
26,5392,5,5,1
26,5427,8,5,1
26,6696,3,16,2
26,6793,6,4,1
26,5424,7,11,1
26,679,5,24,1
26,5388,7,5,2
26,3343,6,23,0
26,3303,10,5,4
26,2828,6,16,5
26,224,5,118,0
26,1836,7,21,2
26,1849,7,30,9
26,2687,4,21,1
26,8387,4,1,1
26,8228,11,3,0
26,8831,6,42,1
26,3148,3,124,2
26,1103,5,51,1
26,7189,3,35,4
26,37,6,1,1
26,1453,7,1,1
26,7170,6,55,7
26,10482,6,168,1
26,1503,1,418,1
26,1691,6,203,0
26,7992,6,27,1
26,80,5,85,1
26,10490,4,92,3
26,4983,3,79,1
26,3493,7,76,3
26,8143,6,103,3
26,8415,8,108,0
26,1740,5,78,26
26,6320,6,58,2
27,7770,5,77,2
27,2041,6,37,2
27,6192,7,57,2
27,3758,5,4,2
50,2548,8,528,21
50,4969,7,507,5
50,10656,5,945,1
50,1335,6,384,2
50,1334,5,628,2
50,1455,3,710,1
50,1453,8,475,1
50,10771,6,608,2
50,3999,3,597,1
50,3758,6,696,2
50,3527,11,605,1
50,4738,5,710,1
50,1,7,321,67
50,3,7,476,3
50,1225,4,558,10
50,4,7,1215,1
50,1103,6,441,4
50,2554,2,470,3
50,6,7,365,1
50,2553,6,667,3
50,7,7,586,2
50,1221,10,540,2
50,8,2,755,2
50,9,7,644,1
50,10780,6,473,2
50,803,11,547,3
50,2572,6,589,2
50,1239,5,678,88
50,10513,8,362,2
50,5719,7,589,1
50,10637,7,489,2
50,2687,5,428,2
50,1113,5,669,1
50,2686,6,389,8
50,2685,8,516,14
50,4983,4,696,2
50,6922,6,396,7
50,814,10,511,4
50,10994,7,454,4
50,815,7,440,3
50,816,7,631,4
50,5957,5,650,1
50,6805,4,433,6
50,3794,8,465,1
50,3549,8,535,10
50,1249,4,405,2
50,3305,6,728,3
50,7908,9,360,1
50,3303,11,348,5
50,3302,4,552,2
50,3301,10,652,1
50,3300,7,458,25
50,701,3,588,104
50,702,8,298,15
50,5723,8,446,2
50,3789,9,498,3
50,6813,6,425,4
50,4637,10,393,3
50,3669,4,230,1
50,5727,7,571,7
50,10643,8,400,1
50,5620,6,377,1
50,3320,6,314,12
50,10609,9,757,2
50,3561,5,442,92
50,5739,6,379,2
50,3559,8,648,1
50,2588,3,583,4
50,1136,7,432,4
50,714,10,433,2
50,3676,10,409,4
50,4766,6,409,6
50,10851,7,568,1
50,6705,5,388,3
50,7915,9,642,3
50,1275,6,486,5
50,1273,7,692,4
50,3450,9,547,4
50,1270,8,427,2
50,6719,6,767,1
50,3447,4,474,2
50,2477,4,1905,1
50,721,7,382,8
50,600,8,688,6
50,7922,7,515,12
50,5746,9,453,2
50,7925,6,511,1
50,4657,6,450,2
50,7806,7,337,2
50,7927,6,351,2
50,6852,7,645,2
50,5641,6,862,3
50,5400,8,579,6
50,6851,6,985,1
50,6730,6,407,1
50,3343,7,981,1
50,3464,5,486,4
50,3463,8,595,1
50,3582,4,727,2
50,2493,7,635,2
50,1280,11,352,3
50,3339,5,748,2
50,3215,6,576,4
50,852,8,504,6
50,10838,8,553,4
50,3333,6,415,14
50,854,6,730,2
50,5511,6,346,5
50,6606,5,445,2
50,5650,9,382,2
50,4200,7,531,16
50,5653,7,757,3
50,4201,7,713,2
50,3112,6,954,2
50,3354,7,457,4
50,3352,5,601,5
50,2381,5,756,4
50,5409,5,376,7
50,10725,9,459,3
50,8918,6,575,5
50,3344,8,639,4
50,2497,7,245,28
50,6735,4,750,1
50,4557,5,582,4
50,5646,8,280,17
50,10721,7,640,4
50,6859,5,409,3
50,4694,7,503,3
50,10490,5,347,5
50,6510,6,750,2
50,2033,7,704,1
50,3360,11,487,3
50,2150,5,463,4
50,3480,5,690,2
50,6509,7,436,5
50,3479,5,351,3
50,2027,6,603,1
50,3599,6,523,1
50,1299,6,479,6
50,513,3,570,6
50,4565,7,226,12
50,5413,7,359,3
50,6988,5,448,1
50,517,6,504,3
50,5418,5,540,2
50,11589,10,659,3
50,5551,5,498,6
50,5430,7,505,3
50,8820,8,380,2
50,6762,5,612,3
50,5673,7,690,3
50,11351,6,448,4
50,7853,11,512,3
50,10261,8,267,2
50,3254,6,391,1
50,2041,7,647,3
50,3493,8,433,4
50,3491,7,436,11
50,3128,4,862,3
50,400,5,340,2
50,6755,12,547,3
50,11232,10,501,2
50,11110,6,275,1
50,7843,7,515,2
50,5424,8,558,3
50,5666,5,457,1
50,6878,9,366,2
50,7725,5,271,4
50,8933,4,441,5
50,5548,8,821,2
50,5427,9,534,2
50,5549,5,568,2
50,11235,5,614,2
50,4592,5,544,2
50,6770,7,307,2
50,4230,8,566,3
50,5683,12,525,11
50,4231,10,579,3
50,6410,10,630,3
50,8831,7,378,2
50,6654,9,516,1
50,6411,6,484,1
50,3257,6,763,19
50,5676,7,708,3
50,11563,7,547,2
50,6406,8,520,1
50,5691,7,516,1
50,7992,7,669,2
50,6660,6,553,5
50,11690,7,592,2
50,4000,5,357,15
50,6541,7,665,1
50,5696,6,431,12
50,10482,7,841,3
50,6301,8,318,3
50,302,6,590,2
50,786,6,488,6
50,3148,4,546,2
50,424,4,475,1
50,3388,6,373,3
50,668,6,271,14
50,549,7,452,3
50,8959,6,767,2
50,4130,3,639,1
50,6793,7,647,1
50,5583,9,671,4
50,6433,6,379,1
50,11427,12,486,1
50,11426,2,510,1
50,7756,6,601,3
50,4004,4,585,4
50,679,6,613,1
50,4005,8,476,3
50,559,9,596,2
50,6545,9,455,3
50,6669,6,560,2
50,8966,5,881,3
50,7515,10,677,5
50,5459,6,473,21
50,7757,8,538,3
50,4129,9,515,4
50,8608,8,628,2
50,10455,6,299,1
50,11423,8,567,4
50,11422,5,623,4
50,6681,10,1233,2
50,7770,6,329,2
50,6683,5,516,2
50,6320,7,465,4
50,5594,4,385,6
50,8743,6,542,3
50,6443,7,777,1
50,6200,8,626,3
50,10349,8,434,1
50,685,4,351,4
50,568,11,729,10
50,5588,6,427,3
50,4017,5,715,1
50,209,7,738,5
50,6679,7,317,4
50,10466,5,948,3
50,8750,10,338,2
50,6570,7,584,1
50,6696,4,414,3
50,7543,7,1248,2
50,6453,6,379,17
50,8874,8,559,1
50,3066,6,407,2
50,693,5,865,3
50,10437,7,389,3
50,210,7,476,3
50,577,5,911,9
50,217,5,1011,3
50,7657,5,887,3
50,6327,6,594,8
50,10796,8,455,3
50,10311,7,468,1
50,8761,8,960,1
50,6461,8,311,18
50,6463,7,480,3
50,6223,4,416,2
50,5496,6,605,4
50,5377,6,594,4
50,10680,7,577,2
50,7314,9,606,2
50,6467,9,482,6
50,5378,8,635,4
50,6580,6,516,2
50,101,4,663,2
50,224,6,962,1
50,103,7,239,1
50,104,5,574,4
50,225,7,297,2
50,226,8,525,6
50,10561,5,364,2
50,5006,8,430,7
50,6459,8,455,1
50,10562,4,668,3
50,4293,8,986,1
50,6350,5,380,2
50,5384,6,592,4
50,11060,7,1014,1
50,6113,8,498,7
50,5388,8,714,5
50,6356,4,774,2
50,6470,6,405,1
50,592,10,360,1
50,111,4,420,2
50,234,4,652,3
50,114,8,539,6
50,237,9,478,7
50,8527,7,583,2
50,239,10,726,1
50,6347,10,502,6
50,6122,7,528,2
50,13,7,315,2
50,6484,7,404,5
50,7333,9,453,3
50,16,9,279,1
50,7212,5,539,2
50,17,10,570,1
50,8543,6,605,3
50,18,7,390,2
50,6360,6,463,1
50,7570,9,641,1
50,5392,6,673,2
50,127,6,498,3
50,11078,8,606,2
50,7569,5,346,1
50,8415,9,505,1
50,1901,11,407,2
50,7462,9,474,1
50,22,7,293,2
50,6251,8,498,2
50,24,5,1059,3
50,25,5,527,3
50,26,5,461,2
50,7586,4,585,3
50,27,6,507,1
50,11042,9,494,2
50,29,6,437,1
50,4191,8,669,2
50,131,6,538,2
50,132,5,403,2
50,255,8,976,1
50,497,8,815,1
50,378,6,2051,1
50,32,5,282,2
50,11290,5,714,2
50,7473,4,652,4
50,33,6,341,4
50,34,8,430,2
50,6385,7,638,2
50,7474,9,234,7
50,6388,7,493,2
50,37,7,459,1
50,38,7,706,3
50,11293,4,437,1
50,7599,9,428,2
50,5050,8,637,9
50,6140,8,504,1
50,6381,9,484,2
50,385,4,1544,1
50,1800,5,347,17
50,144,9,425,3
50,145,5,598,47
50,267,7,510,2
50,41,8,634,1
50,45,4,220,1
50,46,10,424,2
50,8210,6,515,5
50,47,6,1211,1
50,8578,7,392,1
50,48,10,305,3
50,11260,4,765,2
50,49,6,512,1
50,11021,8,739,2
50,11383,9,669,2
50,271,6,827,4
50,159,7,858,2
50,8209,5,613,3
50,1938,6,1029,1
50,2905,8,593,1
50,50,5,273,2
50,11268,10,636,2
50,52,9,454,2
50,2902,5,337,1
50,11028,5,698,2
50,55,6,645,1
50,9430,7,705,1
50,11030,8,697,2
50,7015,8,755,3
50,5078,3,424,1
50,7377,7,517,1
50,8469,8,922,1
50,7017,11,648,3
50,7138,7,601,2
50,7016,8,487,4
50,160,5,405,2
50,286,5,572,41
50,11397,6,390,2
50,11154,5,857,1
50,2917,8,463,7
50,1706,9,561,2
50,11277,5,518,1
50,2915,5,502,2
50,2914,9,348,57
50,11039,9,309,5
50,68,7,448,1
50,8237,7,716,1
50,291,6,698,1
50,292,6,383,1
50,7260,7,445,3
50,293,6,308,68
50,8472,6,357,4
50,174,5,391,13
50,6172,7,601,13
50,297,8,579,18
50,1833,5,464,9
50,298,7,443,3
50,299,5,686,2
50,7018,8,347,71
50,71,7,503,7
50,8228,12,864,2
50,1717,11,505,5
50,73,7,725,4
50,1836,8,582,2
50,77,7,620,1
50,7276,5,619,3
50,8001,5,731,2
50,11492,8,670,2
50,1843,5,345,1
50,3909,5,730,3
50,80,6,613,1
50,81,5,449,4
50,11134,7,579,2
50,1849,8,491,15
50,11015,6,270,2
50,87,6,528,2
50,88,5,337,3
50,7046,4,513,1
50,8251,4,632,5
50,194,8,436,4
50,7281,8,697,1
50,6192,8,758,2
50,196,4,565,1
50,199,9,595,1
50,1853,5,813,4
50,1852,8,423,10
50,10815,9,454,2
50,93,7,523,5
50,2828,7,352,7
50,3912,6,397,4
50,7176,6,634,2
50,8387,5,805,1
50,8264,7,558,1
50,8143,7,740,3
50,7170,7,303,17
50,8263,4,882,1
50,7050,5,470,2
50,1503,2,329,2
50,1744,8,284,1
50,10821,10,680,2
50,2711,4,415,4
50,1742,6,371,2
50,1741,8,440,3
50,10947,9,646,3
50,1740,6,328,42
50,7066,7,380,5
50,7189,4,683,7
50,8271,8,824,1
50,2603,8,484,6
50,1755,8,872,23
50,10914,6,519,2
50,2841,7,1302,1
50,2840,3,757,3
50,10915,7,754,1
50,3932,6,435,10
50,8047,13,503,3
50,8160,5,627,3
50,7192,7,819,2
50,8041,7,413,2
50,2856,7,411,7
50,1761,6,678,2
50,1760,8,445,3
50,3940,7,562,2
50,3701,8,631,5
50,9026,10,865,1
50,8297,6,557,6
50,8175,10,410,2
50,8052,9,395,2
50,4926,6,476,4
50,1653,5,531,3
50,3951,8,403,10
50,8063,11,577,2
50,3847,7,713,13
50,1667,6,411,2
50,3602,8,321,3
50,1785,7,584,5
50,10902,4,638,1
50,1309,6,544,1
50,2637,8,470,2
50,3967,10,698,11
50,8192,8,731,1
50,1680,6,629,3
50,8196,8,739,2
50,8074,6,826,1
50,2647,4,508,1
50,3737,7,887,1
50,2767,6,380,4
50,3739,4,583,3
50,1312,7,642,2
50,1675,8,511,1
50,1673,6,478,33
50,3850,5,684,2
50,11095,6,1006,3
50,1691,7,359,2
50,11090,8,456,2
50,1206,5,517,1
50,1327,8,433,1
50,3749,4,537,2
50,1326,6,341,1
50,1325,8,432,2
50,1324,4,526,1
50,1323,5,498,2
50,1201,7,761,3
50,4713,4,613,2
50,1329,7,525,1
50,3506,8,483,2
