0,6735,1,1,1
0,702,1,1,15
0,6669,1,1,2
0,11397,1,1,2
0,26,1,1,2
0,577,1,1,9
0,11351,1,1,4
0,7853,1,1,3
0,5551,1,1,6
0,3,1,1,3
0,2828,1,1,7
0,8918,1,1,5
0,3320,1,1,12
0,3676,1,1,4
0,10482,1,1,3
0,267,1,1,2
0,27,1,1,1
0,103,1,1,1
0,11042,1,1,2
0,6852,1,1,2
0,5424,1,1,3
0,8196,1,1,2
0,6140,1,1,1
0,6730,1,1,0
0,4565,1,1,12
0,5691,1,1,1
0,5078,1,1,1
0,7189,1,1,7
0,2767,1,1,4
0,11589,1,1,3
0,8160,1,1,2
0,1760,1,1,3
0,10490,1,1,5
0,8959,1,1,2
0,3669,1,1,1
0,6406,1,1,1
0,1327,1,1,1
0,11110,1,1,1
0,3527,1,1,1
0,8192,1,1,1
0,8820,1,1,1
0,10561,1,1,2
0,3602,1,1,3
0,7806,1,1,2
0,6922,1,1,7
0,8543,1,1,3
0,5384,1,1,3
0,3388,1,1,3
0,1325,1,1,2
0,6878,1,1,2
0,6433,1,1,1
0,3303,1,1,5
0,10851,1,1,1
0,7657,1,1,3
0,7138,1,1,2
0,6545,1,1,3
0,6360,1,1,1
0,3491,1,1,11
0,4557,1,1,4
0,3450,1,1,4
0,1136,1,1,4
0,11290,1,1,2
0,6705,1,1,3
0,8415,1,1,1
0,24,1,1,3
0,2914,1,1,53
0,5400,1,1,5
0,5409,1,1,5
0,2917,1,1,5
0,11021,1,1,2
0,7922,1,1,10
0,10914,1,1,2
0,1329,1,1,1
0,46,1,1,2
0,2041,1,1,3
0,286,1,1,34
0,1667,1,1,2
0,10680,1,1,2
0,5641,1,1,2
0,8228,1,1,2
0,11090,1,1,2
0,3300,1,1,17
0,6385,1,1,2
0,5378,1,1,3
0,600,1,1,5
0,9026,1,1,1
0,8041,1,1,2
0,10838,1,1,4
0,1280,1,1,2
0,11268,1,1,2
0,1335,1,1,2
0,8831,1,1,1
0,4231,1,1,3
0,6350,1,1,2
0,5653,1,1,3
0,1455,1,1,1
0,3112,1,1,2
0,2553,1,1,3
0,5388,1,1,5
0,10643,1,1,1
0,9,1,1,1
0,1843,1,1,1
0,1324,1,1,1
0,6223,1,1,2
0,11383,1,1,2
0,4200,1,1,11
0,6172,1,1,10
0,7333,1,1,3
0,6122,1,1,1
0,3066,1,1,1
0,7927,1,1,1
0,5511,1,1,4
0,1675,1,1,1
0,3215,1,1,3
0,592,1,1,1
0,10318,1,1,1
0,10656,1,1,1
0,3148,1,1,2
0,4,1,1,1
0,4005,1,1,3
0,5666,1,1,1
0,3599,1,1,0
1,1453,1,1,1
1,5392,1,1,1
1,1225,1,1,7
1,4657,1,1,2
1,2647,1,1,1
1,68,1,1,1
1,1673,1,2,19
1,132,1,1,2
1,3360,1,1,2
1,11030,1,1,2
1,3480,1,1,2
1,5676,1,1,3
1,10349,1,1,0
1,4738,1,1,1
1,10437,1,1,3
1,5588,1,1,3
1,8,1,1,1
1,38,1,2,2
1,10466,1,1,2
1,11690,1,2,2
1,6356,1,2,2
1,1706,1,1,2
1,3464,1,1,4
1,3447,1,2,1
1,299,1,2,2
1,6410,1,1,3
1,6347,1,1,6
1,33,1,2,3
1,7192,1,2,2
1,7543,1,3,2
1,3749,1,2,2
1,5496,1,2,3
1,4926,1,2,4
1,49,1,2,1
1,1691,1,2,1
1,11422,1,2,2
1,4004,1,2,4
1,549,1,2,3
1,5691,2,1,1
1,8918,2,1,5
1,5549,1,2,2
1,7016,1,2,3
1,8469,1,2,1
1,1836,1,2,1
1,7725,1,3,3
1,6453,1,3,15
1,693,1,17,3
1,5427,1,4,1
1,6852,2,1,2
1,814,1,2,3
1,5719,1,2,1
1,2477,1,3,1
1,1741,1,4,2
1,145,1,2,34
1,3676,2,1,0
1,8264,1,2,1
1,6988,1,2,1
1,6327,1,2,4
1,1326,1,2,0
1,4017,1,3,1
1,3301,1,2,1
1,8263,1,2,0
1,8175,1,3,2
1,160,1,2,1
1,6719,1,2,1
1,10994,1,2,3
1,7260,1,2,1
1,291,1,2,1
1,8543,2,1,1
1,6762,1,2,1
1,1755,1,2,13
1,3479,1,2,2
1,6320,1,2,3
1,11492,1,3,2
1,8271,1,2,0
1,5459,1,2,13
1,3789,1,2,3
1,517,1,4,1
1,4293,1,3,1
1,8874,1,2,0
1,6406,2,1,1
1,2572,1,2,2
1,803,1,3,3
1,127,1,3,3
1,8966,1,2,2
1,8052,1,2,2
1,11427,1,15,1
1,1740,1,16,35
1,11426,1,2,1
1,1785,1,2,3
1,11351,2,1,2
1,8761,1,3,0
1,10482,2,1,1
1,1833,1,2,7
1,8831,2,1,0
1,5653,2,1,2
1,815,1,6,1
1,1901,1,3,1
1,2828,2,1,4
1,3602,2,1,2
1,7,1,2,2
1,6679,1,2,4
1,11589,2,1,2
1,3758,1,2,2
1,217,1,2,2
1,6755,1,3,2
1,4694,1,2,3
1,6580,1,26,2
1,1273,1,27,2
1,7377,1,2,0
1,234,1,2,1
1,592,2,1,1
2,3305,1,2,2
2,1849,1,2,11
2,8160,2,1,1
2,255,1,2,1
2,34,1,2,2
2,3302,1,13,1
2,7515,1,2,4
2,6461,1,3,13
2,7569,1,7,1
2,6654,1,2,1
2,209,1,2,3
2,18,1,56,1
2,10902,1,18,1
2,292,1,8,1
2,2856,1,14,4
2,3463,1,3,1
2,2687,1,3,2
2,9396,1,4,0
2,2915,1,3,2
2,71,1,3,6
2,29,1,10,0
2,8578,1,22,1
2,6433,2,1,1
2,6545,2,1,1
2,11110,2,1,1
2,3,2,2,2
2,286,2,1,25
2,3749,2,1,1
2,6922,2,1,6
2,10437,2,1,2
2,8933,1,7,4
2,225,1,3,1
2,3669,2,1,1
2,224,1,10,1
2,10725,1,18,3
2,6463,1,3,1
2,3940,1,3,2
2,6669,2,1,1
2,8469,2,1,1
2,5673,1,3,2
2,10637,1,3,2
2,1275,1,3,4
2,6805,1,27,2
2,87,1,27,2
2,22,1,5,2
2,7474,1,3,6
2,55,1,3,1
2,5377,1,3,2
2,11268,2,8,2
2,4637,1,3,2
2,11397,2,2,2
2,2548,1,3,17
2,10994,2,2,2
2,5683,1,3,9
2,5050,1,3,7
2,49,2,1,1
2,5588,2,1,1
2,6223,2,1,1
2,6385,2,1,1
2,11030,2,1,1
2,11090,2,1,2
2,6459,1,3,1
2,5424,2,2,2
2,73,1,3,3
2,2493,1,4,2
2,24,2,1,1
2,1843,2,1,1
2,297,1,3,12
2,3912,1,3,3
2,239,1,3,1
2,8237,1,3,1
2,600,2,1,1
2,2917,2,2,4
2,693,2,1,2
2,293,1,3,50
2,6406,3,1,0
2,7016,2,1,3
2,6200,1,3,1
2,1800,1,4,10
2,8750,1,3,2
2,8192,2,2,1
2,6570,1,4,1
2,8001,1,3,1
2,5568,1,143,1
2,10915,1,14,1
2,4766,1,12,6
2,6851,1,3,1
2,11293,1,3,1
2,6793,1,3,1
2,52,1,25,2
2,199,1,3,1
2,6140,2,20,1
2,10643,2,2,1
2,3602,3,1,1
2,5676,2,1,2
2,11492,2,1,2
2,11060,1,6,1
2,10914,2,5,2
2,5078,2,2,1
2,7853,2,2,3
2,4293,2,1,1
2,11015,1,3,2
2,1334,1,5,2
2,4129,1,4,4
2,3148,2,1,2
2,8143,1,4,3
2,81,1,19,4
2,10490,2,28,3
2,13,1,4,2
2,3257,1,4,14
2,302,1,3,1
2,3339,1,3,2
2,592,3,1,1
2,803,2,1,3
3,1103,1,3,2
3,6113,1,3,4
3,7189,2,3,6
3,11235,1,3,1
3,5583,1,3,4
3,3066,2,3,1
3,1270,1,3,0
3,10721,1,3,4
3,10815,1,5,2
3,2477,2,1,1
3,7281,1,16,1
3,10771,1,3,2
3,3128,1,4,1
3,10821,1,4,0
3,2767,2,2,4
3,6545,3,1,2
3,6988,2,1,1
3,1327,2,1,1
3,5641,2,1,3
3,3527,2,2,1
3,4200,2,2,11
3,5384,2,1,2
3,286,3,1,22
3,1740,2,1,27
3,3749,3,1,1
3,6461,2,1,13
3,8918,3,1,3
3,10561,2,11,2
3,6356,2,23,2
3,6381,1,10,1
3,5646,1,7,13
3,7915,1,4,3
3,8297,1,4,5
3,10780,1,5,1
3,6669,3,1,1
3,5430,1,5,1
3,8608,1,4,1
3,2687,2,1,2
3,4738,2,2,0
3,7314,1,7,2
3,7015,1,8,3
3,6654,2,1,1
3,6679,2,1,4
3,55,2,1,1
3,255,2,1,1
3,1455,2,14,1
3,7066,1,5,4
3,5746,1,4,2
3,7843,1,4,2
3,10609,1,7,1
3,9,2,2,1
3,814,2,2,3
3,1280,2,2,3
3,6347,2,2,5
3,4694,2,1,2
3,6223,3,1,1
3,7474,2,1,3
3,10637,2,1,2
3,7925,1,4,1
3,1299,1,4,4
3,10947,1,5,3
3,6470,1,4,1
3,6251,1,4,0
3,3999,1,4,1
3,159,1,6,1
3,3320,2,3,7
3,7922,2,3,7
3,424,1,8,1
3,7599,1,4,2
3,8192,3,1,1
3,11260,1,4,1
3,1691,2,2,1
3,10482,3,2,3
3,8743,1,4,2
3,3447,2,2,2
3,3912,2,1,3
3,6459,2,1,1
3,22,2,1,1
3,5650,1,6,1
3,5666,2,2,1
3,11426,2,2,1
3,11427,2,2,1
3,1275,2,1,3
3,3388,2,2,0
3,144,1,4,3
3,1938,1,27,1
3,1653,1,4,2
3,7017,1,22,2
3,6705,2,3,0
3,8264,2,2,1
3,224,2,1,1
3,8209,1,4,3
3,8263,2,14,1
3,5378,2,8,2
3,210,1,4,2
3,577,2,4,6
3,217,2,1,1
3,6805,2,1,3
4,2914,2,3,42
4,6320,2,23,2
4,5691,3,3,1
4,8196,2,2,0
4,3480,2,1,1
4,286,4,1,20
4,297,2,1,9
4,3749,4,1,1
4,7725,2,3,3
4,103,2,11,0
4,1225,2,1,9
4,160,2,17,1
4,3669,3,19,0
4,3506,1,5,2
4,7046,1,8,1
4,1221,1,8,2
4,5548,1,5,1
4,3951,1,5,8
4,17,1,8,1
4,3582,1,7,1
4,4017,2,1,1
4,5719,2,1,1
4,298,1,12,3
4,10680,2,3,2
4,1853,1,60,3
4,5673,2,11,3
4,2493,2,1,2
4,255,3,1,1
4,8387,1,5,0
4,3909,1,10,2
4,27,2,4,1
4,11268,3,2,2
4,5696,1,21,9
4,1760,2,4,3
4,4231,2,3,3
4,7260,2,6,3
4,6327,2,6,6
4,10838,2,3,4
4,10349,2,1,1
4,6385,3,2,1
4,81,2,1,2
4,4694,3,1,1
4,7281,2,1,1
4,7314,2,1,2
4,6360,2,4,1
4,8543,3,4,3
4,11090,3,2,2
4,2150,1,5,4
4,3847,1,7,10
4,6467,1,5,5
4,68,2,9,1
4,291,2,9,1
4,7016,3,1,2
4,9396,2,2,1
4,7770,1,8,2
4,7543,2,3,1
4,8192,4,1,1
4,111,1,17,2
4,7050,1,5,2
4,1691,3,1,1
4,299,2,3,2
4,11293,2,2,1
4,1852,1,5,7
4,8472,1,8,2
4,77,1,5,1
4,7756,1,29,3
4,1706,2,3,2
4,4005,2,9,3
4,7138,2,13,2
4,2572,2,12,2
4,5511,2,12,4
4,3463,2,2,1
4,3602,4,2,2
4,6463,2,1,2
4,10609,2,1,2
4,10643,3,3,1
4,11492,3,1,2
4,13,2,1,2
4,3464,2,3,4
4,6251,2,1,2
4,4293,3,2,1
4,11427,3,1,1
4,10513,1,29,2
4,2381,1,9,1
4,302,2,1,2
4,4592,1,5,2
4,8264,3,1,1
4,1653,2,1,2
4,267,2,4,1
4,5957,1,5,1
4,1453,2,3,1
4,4926,2,10,4
4,6813,1,11,3
4,1103,2,8,4
4,104,1,16,3
4,8074,1,5,1
4,11422,2,29,3
4,8831,3,4,2
4,1136,2,6,0
4,8001,2,2,1
4,7908,1,5,1
4,4969,1,8,1
4,7276,1,26,3
4,2033,1,36,0
4,2554,1,18,2
4,6411,1,6,1
4,1201,1,18,2
4,6541,1,25,1
4,7192,2,41,0
4,11078,1,12,1
4,5388,2,28,4
4,1742,1,30,2
4,3344,1,110,2
4,127,2,74,2
4,1717,1,61,2
4,8160,3,10,3
4,11110,3,5,1
4,3333,1,28,4
4,226,1,71,1
4,11397,3,2,2
5,3701,1,32,3
5,1329,2,3,1
5,1335,2,3,2
5,33,2,14,3
5,1334,2,2,1
5,5496,2,3,3
5,5641,3,1,2
5,3360,2,17,2
5,600,3,1,1
5,210,2,1,3
5,217,3,1,3
5,3128,2,1,2
5,3388,3,1,2
5,145,2,2,31
5,34,2,3,2
5,3758,2,2,2
5,8831,4,1,1
5,3479,2,3,2
5,6922,3,4,7
5,209,2,1,2
5,292,2,1,1
5,6406,4,1,1
5,7922,3,1,8
5,7377,2,1,1
5,1800,2,2,12
5,3257,2,2,17
5,8196,3,2,1
5,6113,2,2,5
5,10821,2,1,1
5,286,5,1,25
5,297,3,1,12
5,1,1,6,52
5,11277,1,7,1
5,10725,2,3,1
5,32,1,20,1
5,6510,1,7,1
5,6719,2,8,1
5,4017,3,1,1
5,1744,1,16,1
5,5719,3,4,1
5,2687,3,2,2
5,2840,1,12,2
5,8527,1,39,2
5,6356,3,2,2
5,513,1,7,5
5,559,1,13,2
5,7806,2,11,2
5,1455,3,2,1
5,255,4,1,1
5,3559,1,8,1
5,815,2,4,2
5,10656,2,10,0
5,49,3,3,1
5,11030,3,5,2
5,814,3,2,2
5,1280,3,2,2
5,7843,2,2,2
5,8750,2,5,2
5,8143,2,2,3
5,144,2,1,2
5,6385,4,1,1
5,7281,3,1,1
5,701,1,6,71
5,5548,2,1,2
5,5568,2,2,1
5,3301,2,4,1
5,2686,1,7,6
5,11290,2,11,1
5,2902,1,8,1
5,3737,1,7,1
5,5409,2,12,5
5,3789,2,4,2
5,50,1,6,2
5,11563,1,7,1
5,5377,2,5,3
5,2588,1,8,2
5,73,2,16,4
5,3940,2,2,1
5,5739,1,8,0
5,5620,1,6,0
5,852,1,6,5
5,4130,1,6,1
5,6140,3,3,1
5,10721,2,2,4
5,10771,2,2,1
5,3602,5,1,2
5,7138,3,1,1
5,10609,3,1,2
5,10643,4,1,1
5,13,3,1,2
5,132,2,6,2
5,6388,1,11,0
5,6122,2,4,2
5,8966,2,8,3
5,5078,3,3,1
5,5666,3,2,1
5,10947,2,6,3
5,385,1,75,1
5,11427,4,1,1
5,3148,3,3,0
5,1309,1,269,0
5,47,1,35,0
5,1453,3,1,1
5,378,1,7,1
5,714,1,21,1
5,577,3,1,8
5,400,1,14,1
5,7212,1,6,1
5,10261,1,6,2
5,10796,1,24,3
6,41,1,25,0
6,4713,1,26,2
6,7908,2,1,1
6,4657,2,10,2
6,6509,1,37,4
6,5583,2,21,2
6,5594,1,31,5
6,6470,2,1,1
6,7018,1,28,51
6,1324,2,4,1
6,1327,3,3,1
6,1335,3,1,1
6,3,3,13,2
6,2915,2,3,2
6,6200,2,3,3
6,6762,2,3,2
6,3320,3,2,8
6,291,3,1,1
6,292,3,1,1
6,77,2,1,1
6,517,2,2,0
6,11397,4,1,1
6,5430,2,2,2
6,4766,2,5,3
6,4969,2,1,2
6,5496,3,1,3
6,103,3,1,1
6,10561,3,2,0
6,1249,1,11,2
6,10311,1,7,1
6,3932,1,7,7
6,7,2,4,2
6,6852,3,12,2
6,7927,2,5,2
6,685,1,46,3
6,4017,4,1,1
6,194,1,25,3
6,2554,2,1,2
6,5413,1,10,2
6,7570,1,22,1
6,6679,3,3,2
6,93,1,10,4
6,1455,4,1,1
6,7066,2,2,4
6,1312,1,10,1
6,9,3,3,1
6,10680,3,3,2
6,7515,2,6,2
6,6327,3,2,4
6,7474,3,3,5
6,4694,4,9,1
6,7046,2,5,0
6,10637,3,3,1
6,3967,1,10,8
6,2041,2,6,3
6,6851,2,24,0
6,3491,2,8,9
6,73,3,1,1
6,3549,1,8,7
6,3794,1,23,0
6,3354,1,28,3
6,4004,2,26,4
6,3447,3,3,2
6,6459,3,3,1
6,3463,3,2,1
6,4005,3,2,3
6,7843,3,1,1
6,10771,3,1,1
6,22,3,4,2
6,132,3,2,2
6,668,1,14,10
6,6580,2,4,1
6,7853,3,5,2
6,10815,2,3,1
6,11426,3,5,1
6,1221,2,2,2
6,5078,4,1,1
6,5666,4,1,1
6,10513,2,1,1
6,11277,2,1,1
6,4293,4,2,1
6,6192,1,15,2
6,10994,3,8,3
6,4230,1,10,0
6,2637,1,34,2
6,224,3,18,1
6,6859,1,57,0
6,5427,2,17,0
6,11422,3,1,2
6,2711,1,11,3
6,234,2,5,3
6,3339,2,3,1
6,6683,1,124,2
6,3493,1,28,0
6,271,1,27,3
6,5723,1,25,2
6,10318,2,143,0
6,6696,1,23,0
6,111,2,1,1
6,160,3,1,2
6,1742,2,1,1
6,11078,2,1,2
6,8831,5,1,1
6,127,3,1,2
7,10780,2,3,2
7,1270,2,3,1
7,8196,4,1,1
7,6461,3,4,15
7,5496,4,1,3
7,2914,3,3,40
7,5691,4,3,1
7,11015,2,11,2
7,5388,3,2,3
7,6350,2,6,1
7,10915,2,4,1
7,6443,1,30,1
7,1741,2,1,3
7,6730,2,1,1
7,1836,2,1,2
7,3951,2,1,5
7,11290,3,1,1
7,174,1,11,11
7,255,5,2,1
7,424,2,3,1
7,721,1,10,6
7,568,1,9,8
7,3850,1,8,1
7,46,2,6,1
7,714,2,1,2
7,6356,4,2,2
7,4738,3,3,0
7,7569,2,4,0
7,10490,3,2,4
7,1760,3,3,3
7,5548,3,2,2
7,6813,2,2,4
7,3352,1,8,3
7,3303,2,15,5
7,1206,1,14,1
7,5568,3,2,1
7,7462,1,10,1
7,3112,2,8,2
7,8047,1,8,3
7,8578,2,5,1
7,5641,4,3,2
7,497,1,10,0
7,237,1,10,7
7,11134,1,39,2
7,1691,4,3,1
7,5653,3,6,3
7,6,1,9,1
7,3,4,1,2
7,3967,2,1,7
7,1,2,2,54
7,8041,2,23,2
7,8052,2,6,2
7,3912,3,4,4
7,1717,2,1,2
7,5511,3,3,4
7,10914,3,2,2
7,7017,2,3,3
7,6922,4,2,6
7,7138,4,2,1
7,685,2,1,1
7,3447,4,1,2
7,4004,3,1,3
7,10771,4,1,1
7,6251,3,2,2
7,8143,3,2,3
7,11060,2,5,1
7,5078,5,1,1
7,7853,4,1,1
7,7586,1,11,2
7,6770,1,28,1
7,7276,2,4,3
7,5549,2,18,2
7,4,2,16,0
7,224,4,1,1
7,267,3,22,1
7,5957,2,22,1
7,8175,2,6,1
7,5551,2,32,6
7,8271,2,69,0
7,577,4,2,9
7,11293,3,130,1
7,25,1,67,3
7,6301,1,52,2
7,5006,1,57,4
7,10261,2,35,1
7,2767,3,16,2
7,8228,2,87,1
7,16,1,66,1
7,6660,1,85,2
7,11235,2,102,1
7,3450,2,37,1
7,1673,2,23,20
7,1675,2,44,0
7,6433,3,133,0
7,11268,4,103,1
7,297,4,2,13
7,217,4,2,2
7,1201,2,2,2
7,1706,3,2,2
7,2381,2,1,3
7,3128,3,2,1
7,5739,2,2,2
7,3758,3,62,2
7,1833,2,15,4
7,5377,3,2,4
7,2917,3,4,3
7,1275,3,4,5
7,291,4,2,1
7,3847,2,2,10
7,513,2,11,5
7,5427,3,1,2
7,10311,2,1,1
7,11397,5,1,2
7,9396,3,1,1
8,3701,2,2,4
8,103,4,2,1
8,2553,2,8,2
8,3932,2,4,7
8,3344,2,3,4
8,5459,2,6,17
8,7,3,2,2
8,11260,2,7,1
8,8415,2,12,0
8,6484,1,15,4
8,33,3,2,2
8,2554,3,2,2
8,2687,4,2,2
8,1503,1,71,1
8,37,1,77,1
8,1323,1,21,1
8,4983,1,45,1
8,6696,2,1,3
8,8608,2,1,2
8,3951,3,1,7
8,6461,4,1,1
8,1455,5,2,0
8,6510,2,5,2
8,4130,2,2,1
8,87,2,6,2
8,559,2,1,2
8,1744,2,1,1
8,2711,2,1,2
8,3850,2,1,2
8,4694,5,1,1
8,6541,2,1,1
8,6859,2,1,2
8,7474,4,1,2
8,7515,3,1,4
8,701,2,7,73
8,81,3,4,2
8,7925,2,32,0
8,7314,3,15,1
8,10838,3,14,3
8,8543,4,4,2
8,5568,4,2,1
8,5418,1,11,2
8,6606,1,17,2
8,7770,2,3,1
8,1113,1,71,1
8,73,4,1,2
8,3549,2,2,7
8,5650,2,4,1
8,2572,3,4,2
8,6140,4,14,1
8,6463,3,2,3
8,3794,2,2,0
8,3447,5,1,1
8,8052,3,1,2
8,11492,4,3,2
8,11021,2,8,2
8,6251,4,1,1
8,7015,2,11,3
8,6388,2,9,1
8,3940,3,2,1
8,6580,3,2,2
8,11277,3,2,1
8,4293,5,1,1
8,5078,6,1,1
8,5496,5,1,3
8,3561,1,20,59
8,11427,5,3,0
8,8,2,17,2
8,4557,2,16,2
8,7276,3,1,2
8,114,1,15,2
8,1680,1,27,3
8,815,3,7,3
8,2840,2,3,3
8,1653,3,4,2
8,1453,4,19,1
8,5957,3,1,1
8,132,4,2,2
8,592,4,5,1
8,1852,2,39,5
8,10318,3,1,1
8,4191,1,43,1
8,8160,4,31,2
8,1329,3,79,0
8,1334,3,18,1
8,1667,2,61,1
8,6545,4,103,3
8,29,2,8,1
8,41,2,2,0
8,24,3,7,3
8,600,4,3,3
8,210,3,3,2
8,3388,4,3,2
8,6509,2,5,5
8,3,5,1,1
8,1249,2,1,1
8,6200,3,1,2
8,11078,3,2,1
8,8743,2,58,2
8,8472,2,11,4
8,199,2,32,0
8,3758,4,1,2
8,6762,3,3,3
8,5384,3,21,4
8,6669,4,89,2
8,5548,4,49,0
8,1136,3,4,4
8,8831,6,1,0
8,1103,3,5,3
8,68,3,4,1
8,3506,2,4,1
9,2041,3,9,2
9,7212,2,16,1
9,1740,3,6,27
9,8750,3,26,1
9,3582,2,19,1
9,7599,2,18,2
9,6705,3,16,2
9,9396,4,1,1
9,7543,3,6,1
9,2033,2,2,1
9,11423,1,28,3
9,1225,3,11,7
9,234,3,2,1
9,3344,3,1,3
9,1273,2,23,3
9,6805,3,5,3
9,26,2,11,2
9,11260,3,1,2
9,1270,3,2,2
9,5377,4,1,3
9,6696,3,1,3
9,1901,2,3,2
9,6735,2,1,1
9,286,6,4,30
9,10466,2,11,2
9,721,2,1,2
9,385,2,2,1
9,11290,4,2,2
9,7066,3,2,5
9,6410,2,13,2
9,5588,3,16,2
9,6411,2,5,1
9,10902,2,9,0
9,814,4,29,2
9,3493,2,3,0
9,6360,3,2,0
9,7843,4,2,1
9,11563,2,3,1
9,239,2,83,1
9,549,2,15,0
9,9430,1,20,1
9,159,2,5,1
9,3360,3,4,2
9,4201,1,19,1
9,8192,5,4,0
9,2027,1,10,1
9,11154,1,10,1
9,10562,1,11,3
9,3480,3,2,2
9,18,2,28,2
9,2914,4,3,34
9,803,3,11,1
9,2902,2,13,1
9,10609,4,4,2
9,4005,4,3,2
9,3912,4,2,2
9,4004,4,2,3
9,7017,3,2,3
9,7138,5,2,2
9,8041,3,2,2
9,2572,4,1,2
9,2711,3,1,2
9,3447,6,1,1
9,7515,4,1,3
9,10771,5,2,2
9,13,4,5,2
9,668,2,2,7
9,8966,3,23,2
9,3464,3,14,3
9,6388,3,8,0
9,6813,3,12,3
9,8047,2,20,3
9,9026,2,21,1
9,8210,1,46,3
9,6681,1,11,2
9,1453,5,1,1
9,8263,3,43,1
9,852,2,3,6
9,1761,1,12,2
9,299,3,37,1
9,3254,1,50,1
9,3305,2,70,3
9,5653,4,2,1
9,10318,4,1,1
9,11028,1,83,1
9,6350,3,2,1
9,8959,2,22,0
9,1324,3,33,0
9,1327,4,15,0
9,7586,2,10,2
9,8063,1,146,0
9,693,3,6,3
9,41,3,1,1
9,4191,2,17,1
9,217,5,2,3
9,3112,3,2,1
9,1742,3,2,2
9,2381,3,23,4
9,29,3,1,1
9,1249,3,1,1
9,3301,3,8,1
9,145,3,12,33
9,47,2,1,1
9,6793,2,33,1
9,4637,2,24,2
9,7050,2,50,0
9,11015,3,2,1
9,2856,2,51,4
9,3758,5,1,2
9,1833,3,1,3
9,8209,2,10,1
9,2150,2,4,3
10,3847,3,1,7
10,3450,3,3,2
10,6679,4,3,3
10,559,3,1,0
10,5549,3,1,2
10,6705,4,1,1
10,5430,3,3,3
10,11030,4,11,0
10,77,3,4,1
10,291,5,1,1
10,3506,3,1,1
10,6320,3,15,1
10,8297,2,27,3
10,8001,3,40,1
10,7212,3,1,1
10,2548,2,17,12
10,6570,2,19,1
10,11397,6,1,1
10,7474,5,2,6
10,4969,3,4,2
10,2033,3,1,0
10,6467,2,4,3
10,3749,5,14,1
10,38,2,41,1
10,45,1,28,1
10,267,4,2,0
10,4293,6,1,1
10,11277,4,1,1
10,5459,3,22,16
10,131,1,14,1
10,6852,4,4,1
10,2687,5,3,2
10,2685,1,53,7
10,5673,3,50,2
10,5377,5,1,3
10,5418,2,1,1
10,8472,3,1,3
10,8196,5,3,2
10,6762,4,1,3
10,3300,2,4,15
10,5548,5,1,1
10,8608,3,1,2
10,1741,3,3,2
10,11290,5,1,1
10,2647,2,14,0
10,87,3,1,1
10,6356,5,33,2
10,6411,3,1,1
10,17,2,20,1
10,701,3,1,64
10,10349,3,2,1
10,4592,2,4,1
10,6385,5,3,0
10,3737,2,5,1
10,8237,2,47,1
10,5568,5,1,1
10,2841,1,44,0
10,8874,2,9,1
10,7016,4,7,3
10,5641,5,3,2
10,5696,2,5,7
10,73,5,1,3
10,6770,2,69,1
10,80,1,51,0
10,7314,4,2,0
10,7756,2,4,2
10,5676,3,29,2
10,7806,3,8,2
10,6922,5,3,5
10,5650,3,2,2
10,4004,5,1,3
10,10609,5,1,2
10,11021,3,1,2
10,6122,3,22,2
10,11060,3,28,1
10,7992,1,15,2
10,11134,2,3,2
10,11589,3,24,3
10,378,2,167,1
10,37,2,2,1
10,1453,6,1,1
10,7189,3,8,5
10,11028,2,1,1
10,679,1,183,1
10,11039,1,87,2
10,10851,2,174,1
10,11110,4,65,1
10,4565,2,55,8
10,194,2,10,3
10,46,3,43,0
10,1706,4,15,1
10,3148,4,36,1
10,1201,3,26,2
10,1,3,1,44
10,6510,3,1,2
10,3388,5,2,1
10,8160,5,2,2
10,6433,4,22,1
10,6301,2,6,1
10,6580,4,2,2
10,6606,2,3,2
10,7018,2,63,43
11,2150,3,1,2
11,292,4,5,1
11,6705,5,1,1
11,8578,3,2,1
11,16,2,2,1
11,25,2,3,3
11,2917,4,2,3
11,693,4,1,2
11,3527,3,12,0
11,10437,3,35,1
11,10780,3,2,1
11,11235,3,2,0
11,4738,4,4,0
11,5683,2,19,6
11,3669,4,36,1
11,1323,2,2,2
11,1849,2,9,13
11,1249,4,1,1
11,5496,6,1,2
11,11427,6,2,1
11,5583,3,5,3
11,4017,5,6,1
11,1785,2,22,4
11,11260,4,19,2
11,7473,1,22,2
11,33,4,2,1
11,48,1,20,2
11,11095,1,53,1
11,7176,1,36,1
11,209,3,6,4
11,1653,4,2,3
11,5418,3,30,1
11,1755,2,6,17
11,8387,2,4,1
11,1103,4,1,4
11,3352,2,11,4
11,6813,4,1,2
11,6735,3,17,1
11,8820,2,7,0
11,3254,2,1,1
11,1836,3,5,1
11,3491,3,5,7
11,1324,4,1,1
11,55,3,52,1
11,255,6,1,1
11,2493,3,15,1
11,7066,4,2,4
11,7757,1,19,3
11,3302,2,43,1
11,1113,2,4,1
11,8251,1,47,3
11,10455,1,49,1
11,3559,2,4,1
11,3480,4,1,1
11,88,1,18,1
11,10311,3,1,1
11,4201,2,1,1
11,93,2,6,3
11,1938,2,3,1
11,2477,3,35,1
11,6459,4,12,1
11,3794,3,3,0
11,1717,3,3,3
11,8052,4,6,2
11,3912,5,4,3
11,2027,2,1,1
11,8041,4,3,2
11,4004,6,1,3
11,10609,6,1,2
11,10771,6,1,2
11,1239,1,13,57
11,3676,3,17,1
11,7725,3,38,3
11,11351,3,54,3
11,8264,4,47,0
11,9026,3,3,1
11,224,5,21,1
11,13,5,1,2
11,815,4,2,3
11,816,1,27,2
11,3339,3,36,2
11,592,5,2,1
11,271,2,10,3
11,1761,2,3,1
11,7908,3,6,2
11,6988,3,44,0
11,1326,2,140,1
11,11383,2,131,1
11,6172,2,13,9
11,104,2,54,2
11,1225,4,1,4
11,7016,5,8,2
11,2381,4,6,4
11,145,4,1,32
11,210,4,3,1
11,6510,4,1,1
11,8761,2,111,0
11,6470,3,24,0
11,10562,2,5,2
11,4657,3,64,1
11,6851,3,4,1
11,3301,4,2,1
11,11154,2,13,0
11,1299,2,26,2
11,1833,4,1,5
11,7018,3,1,38
11,8959,3,1,2
12,3257,3,9,13
12,3789,3,7,3
12,7377,3,12,1
12,7756,3,1,1
12,2548,3,1,12
12,5653,5,1,2
12,1852,3,24,8
12,11293,4,25,0
12,114,2,39,5
12,25,3,1,2
12,45,2,1,1
12,292,5,1,1
12,4565,3,1,8
12,10994,4,23,3
12,7570,2,3,1
12,103,5,3,1
12,32,2,26,2
12,34,3,37,2
12,8918,4,24,2
12,3932,3,21,5
12,8001,4,1,2
12,3344,4,3,2
12,6683,2,23,2
12,786,1,40,4
12,5078,7,9,1
12,8063,2,1,1
12,3464,4,2,3
12,11277,5,1,1
12,3909,2,21,0
12,11042,2,75,2
12,1653,5,1,3
12,1849,3,1,11
12,702,2,28,11
12,5418,4,1,1
12,8237,3,1,1
12,3303,3,4,1
12,1273,3,4,2
12,8228,3,17,1
12,2828,3,6,4
12,1103,5,1,3
12,8209,3,33,2
12,5548,6,16,1
12,8543,5,3,2
12,5583,4,1,2
12,8608,4,1,1
12,8210,2,1,2
12,2493,4,1,1
12,3967,3,12,6
12,55,4,1,1
12,721,3,23,8
12,225,2,16,0
12,3999,2,16,1
12,3599,2,19,1
12,87,4,1,1
12,6356,6,75,1
12,144,3,11,1
12,7281,4,21,0
12,4231,3,52,1
12,11563,3,18,2
12,5568,6,142,1
12,73,6,1,3
12,10482,4,39,3
12,11030,5,31,1
12,10311,4,1,1
12,18,3,2,1
12,6463,4,15,3
12,10455,2,9,1
12,1309,2,30,0
12,6681,2,2,0
12,685,3,5,1
12,10490,4,8,3
12,7212,4,2,0
12,4983,2,10,2
12,2572,5,3,0
12,3447,7,4,1
12,11492,5,3,1
12,7138,6,17,1
12,3951,4,15,6
12,5676,4,4,2
12,7515,5,3,1
12,5666,5,13,1
12,1221,3,14,2
12,302,3,65,1
12,7853,5,16,2
12,815,5,1,2
12,7992,2,3,0
12,378,3,2,1
12,3339,4,1,1
12,224,6,1,1
12,239,3,2,1
12,1503,2,16,1
12,7189,4,1,1
12,7908,4,1,2
12,2686,2,169,6
12,3128,4,7,1
12,6192,2,54,0
12,199,3,1,1
12,11015,4,1,1
12,11039,2,1,3
12,3112,4,1,2
12,159,3,2,1
12,6443,2,5,0
12,2915,3,70,2
12,5400,2,32,5
12,6453,2,12,9
12,2150,4,2,1
12,5673,4,1,3
12,194,3,1,1
12,7757,2,1,1
12,3302,3,1,1
12,3388,6,1,2
12,1326,3,1,1
12,38,3,1,2
13,5696,3,2,12
13,1312,2,24,1
13,5723,2,6,1
13,5739,3,32,1
13,6,2,2,1
13,225,3,1,1
13,80,2,1,1
13,144,4,1,1
13,6385,6,1,1
13,7515,6,1,3
13,701,4,2,91
13,685,4,1,2
13,3912,6,1,1
13,4004,7,1,1
13,7138,7,1,2
13,1239,2,18,72
13,11492,6,1,0
13,2914,5,2,43
13,5691,5,10,1
13,1761,3,1,1
13,7725,4,2,4
13,3794,4,1,1
13,1833,5,1,2
13,2548,4,1,2
13,3932,4,1,2
13,3257,4,1,2
13,4565,4,1,1
13,7756,4,1,1
13,8959,4,1,2
13,6200,4,58,3
13,299,4,13,1
13,10261,3,41,2
13,2767,4,49,3
13,1742,4,4,2
13,9430,2,7,1
13,3758,6,4,2
13,5384,4,4,2
13,5653,6,40,1
13,11423,2,43,0
13,131,2,55,1
13,226,2,105,5
13,27,3,115,0
13,7770,3,60,2
13,8,3,116,2
13,3506,4,33,2
13,114,3,45,3
13,45,3,13,1
13,291,6,92,1
13,5409,3,54,4
13,25,4,12,1
13,103,6,20,1
13,3669,5,25,1
13,10780,4,4,1
13,4293,7,6,1
13,8743,3,27,3
13,11134,3,20,1
13,6122,4,64,1
13,10994,5,2,2
13,7543,4,67,3
13,6852,5,7,2
13,26,3,40,2
13,4000,1,38,10
13,1785,3,3,3
13,2840,3,68,2
13,10725,3,52,2
13,1136,4,25,3
13,5388,4,67,4
13,1273,4,2,3
13,8228,4,16,2
13,1836,4,6,2
13,3491,4,21,7
13,385,3,16,1
13,10466,3,35,1
13,568,2,85,7
13,1675,3,157,1
13,3999,3,147,1
13,11563,4,1,1
13,6223,4,108,0
13,7046,3,77,0
13,11042,3,2,2
13,3360,4,55,3
13,101,1,120,1
13,5641,6,38,1
13,6411,4,33,1
13,10513,3,99,1
13,11090,4,48,1
13,11078,4,15,2
13,88,2,27,2
13,6463,5,2,2
13,4129,2,59,2
13,10721,3,48,3
13,7333,2,109,2
13,1938,3,4,1
13,6681,3,58,1
13,11095,2,4,2
13,6606,3,32,1
13,2027,3,53,1
13,10914,4,75,1
13,3850,3,81,0
13,8074,2,74,1
13,7017,4,52,2
13,10947,3,92,2
13,52,2,122,2
13,815,6,49,1
13,22,4,120,2
13,814,5,32,1
13,239,4,76,1
13,6327,4,80,4
13,6251,5,79,1
13,803,4,53,2
13,196,1,100,1
13,3066,3,60,1
13,11426,4,93,1
13,6350,4,82,1
13,11021,4,35,1
13,10815,3,105,1
13,679,2,52,0
13,41,4,34,1
14,1843,3,66,1
14,592,6,30,1
14,1225,5,32,7
14,237,2,22,5
14,3148,5,8,2
14,3909,3,1,3
14,7066,5,1,1
14,1312,3,1,1
14,3112,5,1,1
14,3388,7,1,2
14,17,3,2,0
14,816,2,26,1
14,11290,6,1,2
14,4592,3,2,1
14,5588,4,18,2
14,11030,6,2,1
14,8052,5,2,1
14,6301,3,3,2
14,3749,6,3,2
14,10437,4,4,2
14,32,3,2,1
14,6443,3,1,1
14,6988,4,1,1
14,10851,3,1,1
14,11110,5,1,1
14,11235,4,1,1
14,6,3,1,1
14,1239,3,1,60
14,3257,5,1,18
14,7314,5,49,2
14,6669,5,95,1
14,3450,4,57,3
14,559,4,53,2
14,6859,3,141,1
14,2685,2,11,12
14,292,6,3,1
14,8469,3,139,1
14,114,4,1,4
14,5409,4,1,6
14,3789,4,20,3
14,10838,4,10,3
14,7,4,16,2
14,6467,3,25,5
14,7657,2,44,2
14,5078,8,17,1
14,10915,3,31,1
14,7543,5,1,2
14,6719,3,30,0
14,11426,5,1,1
14,8966,4,21,2
14,11277,6,21,1
14,854,1,76,2
14,2554,4,25,3
14,2840,4,1,1
14,6878,2,138,2
14,5377,6,5,4
14,1270,4,11,1
14,5548,7,25,1
14,3352,3,12,4
14,3300,3,4,21
14,1136,5,1,2
14,5583,5,3,2
14,174,2,21,12
14,3320,4,24,10
14,209,4,27,4
14,1667,3,43,2
14,1836,5,1,2
14,1503,3,1,2
14,2033,4,4,1
14,10637,4,56,2
14,6770,3,4,2
14,714,3,60,2
14,3739,1,40,2
14,10561,4,14,2
14,4969,4,26,4
14,4130,3,54,1
14,3480,5,21,2
14,3602,6,90,0
14,1740,4,28,31
14,6681,4,1,2
14,4983,3,58,2
14,2711,4,28,3
14,5392,2,80,1
14,5727,1,59,6
14,5650,4,29,1
14,132,5,32,2
14,37,3,89,1
14,81,4,122,3
14,10490,5,1,2
14,2027,4,1,1
14,7189,5,1,4
14,7908,5,83,2
14,3305,3,29,2
14,2553,3,116,3
14,239,5,1,1
14,48,2,49,3
14,26,4,1,1
14,73,7,1,1
14,1742,5,1,2
15,10490,6,1,1
15,2647,3,3,1
15,6410,3,7,3
15,3447,8,3,0
15,5676,5,26,1
15,5683,3,4,9
15,6922,6,5,6
15,3794,5,1,0
15,34,4,4,2
15,199,4,4,1
15,6433,5,2,1
15,10562,3,8,2
15,2767,5,1,4
15,6443,4,1,1
15,11110,6,1,1
15,814,6,1,1
15,816,3,1,2
15,4592,4,1,2
15,5588,5,1,2
15,7515,7,1,4
15,27,4,1,1
15,10780,5,1,2
15,685,5,1,1
15,2914,6,2,41
15,5723,3,11,2
15,6453,3,2,14
15,3360,5,1,2
15,4000,2,1,11
15,4557,3,65,2
15,7725,5,26,4
15,7462,2,29,1
15,6509,3,26,5
15,6793,3,6,1
15,71,2,28,8
15,3758,7,1,1
15,8578,4,67,0
15,3847,4,27,11
15,6762,5,112,1
15,1275,4,44,4
15,5427,4,99,1
15,8192,6,4,1
15,3549,3,14,7
15,6660,2,43,3
15,7922,4,75,9
15,6320,4,67,3
15,8263,4,26,1
15,8297,3,35,5
15,45,4,2,1
15,114,5,1,3
15,6251,6,1,1
15,5378,3,51,2
15,5551,3,34,3
15,6580,5,46,2
15,9396,5,8,0
15,1249,5,28,2
15,3215,2,51,3
15,131,3,2,2
15,1221,4,2,1
15,5078,9,1,1
15,6813,5,33,3
15,10815,4,1,2
15,10947,4,1,2
15,4694,6,98,2
15,6852,6,2,1
15,2687,6,31,1
15,2497,1,88,20
15,6705,6,4,2
15,6735,4,6,1
15,2554,5,1,0
15,4017,6,33,0
15,1136,6,1,2
15,1103,6,26,2
15,5620,2,66,0
15,3301,5,3,1
15,3303,4,29,4
15,1299,3,23,4
15,1273,5,2,4
15,3320,5,1,9
15,5400,3,2,6
15,1653,6,2,3
15,2840,5,1,1
15,385,4,278,1
15,1327,5,132,1
15,255,7,5,1
15,6113,3,65,5
15,2828,4,118,4
15,5746,2,155,2
15,7915,2,76,3
15,3999,4,1,1
15,1335,4,95,2
15,1675,4,11,1
15,8175,3,74,1
15,11268,5,66,2
15,11042,4,2,2
15,3479,3,38,2
15,6411,5,32,1
15,6347,3,39,3
15,7377,4,49,0
15,10455,3,9,0
15,1760,4,74,2
15,6681,5,4,2
15,9026,4,12,0
15,4738,5,41,1
15,7570,3,65,1
15,13,6,13,2
15,5957,4,45,1
15,22,5,1,2
15,132,6,1,2
15,7276,4,67,1
15,8527,2,147,1
15,852,3,48,5
15,4926,3,77,2
15,11095,3,33,1
15,854,2,1,2
15,592,7,31,1
15,5594,2,61,4
15,239,6,4,1
15,29,4,60,1
15,194,4,44,3
15,41,5,42,1
15,267,5,30,1
15,237,3,3,6
15,101,2,8,1
16,3112,6,32,2
16,3388,8,25,2
16,10902,3,17,1
16,7806,4,3,2
16,6459,5,25,1
16,1761,4,20,0
16,6172,3,12,10
16,6988,5,2,1
16,7046,4,2,1
16,816,4,1,2
16,2647,4,1,1
16,2711,5,1,2
16,10637,5,1,2
16,10838,5,1,3
16,7212,5,2,1
16,3912,7,1,2
16,5650,5,1,2
16,5676,6,1,1
16,8052,6,1,2
16,568,3,2,8
16,3749,7,2,2
16,714,4,1,1
16,1740,5,1,27
16,2914,7,1,38
16,6453,4,1,13
16,47,3,161,1
16,10561,5,9,2
16,600,5,37,6
16,11039,3,21,5
16,6545,5,20,3
16,2588,2,29,4
16,8143,4,12,3
16,127,4,25,3
16,226,3,2,3
16,6679,5,55,4
16,5673,5,3,3
16,3344,5,3,3
16,7015,3,63,2
16,1852,4,2,8
16,11423,3,2,4
16,5413,2,61,2
16,4200,3,65,12
16,103,7,3,1
16,10796,2,82,3
16,8047,3,11,2
16,5666,6,11,1
16,6122,5,3,2
16,4293,8,7,1
16,10947,5,1,2
16,3561,2,18,64
16,517,3,51,3
16,8543,6,18,2
16,33,5,69,2
16,8387,3,19,1
16,7927,3,70,1
16,11060,4,51,0
16,8209,4,1,2
16,1755,3,16,20
16,8228,5,4,0
16,679,3,1,1
16,3951,5,3,6
16,6762,6,1,2
16,1849,4,3,13
16,5551,4,1,4
16,5377,7,31,2
16,8472,4,58,2
16,1270,5,25,2
16,385,5,1,1
16,400,2,269,1
16,1455,6,234,1
16,9,4,20,1
16,6356,7,56,1
16,5568,7,300,1
16,1667,4,25,2
16,10680,4,75,2
16,11042,5,1,1
16,10656,3,57,1
16,1938,4,122,1
16,10643,5,82,1
16,6681,6,1,1
16,6755,2,78,2
16,2902,3,18,1
16,668,3,70,11
16,2027,5,1,1
16,1691,5,48,1
16,1741,4,67,3
16,852,4,7,3
16,7192,3,78,1
16,7170,1,34,11
16,1843,4,3,1
16,2381,5,71,4
16,3148,6,247,1
16,225,4,25,2
16,7462,3,1,1
17,2647,5,1,1
17,6347,4,1,2
17,11090,5,3,2
17,7212,6,1,2
17,2548,5,4,15
17,11235,5,3,1
17,10994,6,30,2
17,3066,4,3,1
17,5691,6,4,1
17,685,6,2,2
17,6463,6,1,1
17,7017,5,2,3
17,10721,4,2,3
17,5650,6,1,2
17,1239,4,3,65
17,11492,7,2,0
17,9026,5,1,1
17,5392,3,3,1
17,10437,5,3,3
17,3450,5,2,3
17,6852,7,1,2
17,6467,4,2,3
17,6922,7,2,6
17,71,3,1,6
17,3847,5,1,7
17,7725,6,1,2
17,6851,4,16,0
17,4637,3,24,1
17,7770,4,11,2
17,7569,3,99,1
17,8297,4,2,4
17,302,4,1,2
17,7276,5,1,3
17,1275,5,2,4
17,6878,3,1,1
17,3789,5,2,3
17,293,2,70,56
17,292,7,3,0
17,8933,2,130,3
17,5646,2,74,13
17,6388,4,9,2
17,7,5,40,1
17,11427,7,44,0
17,11589,4,61,2
17,1221,5,2,1
17,5078,10,2,0
17,4926,4,1,2
17,10815,5,2,1
17,2841,2,9,0
17,11134,4,27,1
17,11232,1,65,1
17,378,4,1,1
17,209,5,20,4
17,8527,3,1,1
17,3305,4,2,2
17,5594,3,1,1
17,5620,3,2,1
17,2828,5,1,5
17,3491,5,3,8
17,5378,4,2,3
17,1323,3,54,1
17,1329,4,99,1
17,6510,5,123,2
17,721,4,207,8
17,5050,2,74,8
17,1327,6,2,1
17,5568,8,1,1
17,1113,3,13,1
17,8415,3,71,0
17,7260,3,83,3
17,4766,3,70,4
17,1938,5,1,1
17,2637,2,59,2
17,5511,4,42,4
17,2603,1,87,4
17,5957,5,2,0
17,1325,2,157,2
17,4738,6,34,1
17,1453,7,84,0
17,7570,4,2,1
17,7586,3,70,3
17,7192,4,1,2
17,4191,3,83,1
17,5739,4,77,2
17,41,6,1,1
17,7016,6,87,4
17,10680,5,1,1
17,5006,2,74,4
17,3128,5,40,2
17,1225,6,51,6
17,194,5,2,3
17,38,4,94,1
17,3909,4,11,1
17,210,5,64,1
17,6200,5,25,1
17,88,3,25,3
17,101,3,2,1
17,29,5,2,1
17,145,5,18,29
17,6509,4,2,3
17,6606,4,14,1
17,6988,6,62,1
17,11397,7,23,1
17,8918,5,52,4
17,6223,5,30,1
17,10562,4,5,3
17,144,5,52,3
17,3967,4,66,5
17,9430,3,13,1
17,10609,7,92,0
17,10490,7,2,1
17,7992,3,265,0
18,3739,2,28,2
18,7515,8,3,3
18,1760,5,2,2
18,4983,4,1,0
18,8175,4,1,2
18,7046,5,2,1
18,6347,5,1,2
18,701,5,5,75
18,1833,6,5,6
18,3602,7,3,2
18,4004,8,3,3
18,11021,5,3,1
18,8052,7,2,0
18,6459,6,2,0
18,10725,4,4,2
18,24,4,26,2
18,47,4,1,1
18,11422,4,40,2
18,6320,5,1,3
18,8192,7,1,1
18,71,4,1,5
18,3450,6,1,3
18,4200,4,1,10
18,6467,5,1,5
18,6922,8,1,6
18,10561,6,1,1
18,5957,6,1,1
18,1,4,35,50
18,6453,5,3,9
18,7756,5,23,1
18,5430,4,27,2
18,217,6,106,0
18,5549,4,105,1
18,6461,5,39,12
18,6570,3,82,0
18,5653,7,3,3
18,1852,5,2,5
18,131,4,1,1
18,25,5,6,1
18,11423,4,2,1
18,291,7,8,0
18,302,5,1,2
18,114,6,3,4
18,6660,3,3,1
18,7922,5,3,6
18,103,8,2,0
18,2856,3,9,6
18,7599,3,36,2
18,6388,5,1,1
18,6580,6,3,2
18,5719,4,95,1
18,11277,7,3,1
18,11260,5,80,2
18,6696,4,16,2
18,8387,4,1,1
18,7176,2,63,1
18,1800,3,45,14
18,3254,3,63,1
18,8209,5,1,3
18,3333,2,72,13
18,5388,5,5,3
18,2493,5,25,2
18,3215,3,3,3
18,3303,5,3,4
18,679,4,2,1
18,6350,5,4,2
18,1836,6,4,2
18,3305,5,1,1
18,5620,4,1,1
18,3300,4,4,17
18,6762,7,1,1
18,517,4,2,3
18,8228,6,1,1
18,1755,4,2,13
18,3951,6,2,7
18,1653,7,3,2
18,5377,8,1,1
18,3344,6,1,2
18,424,3,249,0
18,5551,5,2,5
18,10821,3,203,2
18,1503,4,69,1
18,400,3,2,1
18,1455,7,2,0
18,3737,3,42,1
18,3999,5,2,0
18,1329,5,1,1
18,1675,5,2,1
18,1206,2,174,0
18,6770,4,69,2
18,11042,6,1,1
18,10656,4,2,0
18,6356,8,2,2
18,1938,6,1,1
18,22,6,19,2
18,271,3,32,3
18,7189,6,4,3
18,852,5,2,6
18,7569,4,1,1
18,1201,4,84,1
18,18,4,49,1
18,6192,3,63,0
18,7066,6,3,2
18,1280,4,68,1
18,194,6,1,2
18,1312,4,31,0
18,3112,7,50,1
18,10261,4,85,2
18,4231,4,39,1
18,7925,3,40,0
18,2150,5,14,3
18,10349,4,43,1
18,11030,7,11,1
18,6988,7,1,1
18,7018,4,25,43
18,11154,3,90,0
18,7992,4,1,2
19,4694,7,3,2
19,8143,5,2,1
19,77,4,5,1
19,27,5,4,1
19,11268,6,6,1
19,3447,9,4,2
19,2553,4,3,2
19,4129,3,4,3
19,7138,8,11,1
19,3912,8,3,4
19,5392,4,1,1
19,600,6,2,3
19,174,3,4,8
19,2687,7,41,2
19,7927,4,2,2
19,4000,3,4,11
19,47,5,1,1
19,159,4,15,0
19,1740,6,3,28
19,3480,6,2,2
19,3479,4,3,0
19,3549,4,3,4
19,3749,8,3,1
19,132,7,1,2
19,2902,4,1,1
19,7515,9,1,3
19,10609,8,1,2
19,11021,6,1,1
19,3561,3,3,63
19,8160,6,21,3
19,4657,4,23,2
19,8469,4,7,0
19,50,2,100,1
19,693,5,39,0
19,11383,3,103,0
19,45,5,6,0
19,10915,4,4,1
19,3506,5,45,0
19,52,3,6,1
19,11426,6,4,0
19,6730,3,56,1
19,6735,5,5,1
19,3302,4,6,0
19,8251,2,20,4
19,8933,3,2,4
19,3301,6,3,1
19,6793,4,3,1
19,1273,6,4,3
19,8543,7,31,3
19,5400,4,3,3
19,1800,4,1,13
19,3300,5,1,15
19,3491,6,1,7
19,3951,7,1,4
19,1653,8,1,2
19,1334,4,69,2
19,5418,5,27,2
19,255,8,4,1
19,4130,4,34,1
19,1325,3,1,1
19,1675,6,1,1
19,11563,5,42,2
19,3599,3,62,1
19,7260,4,1,0
19,3343,1,183,2
19,3582,3,79,2
19,2905,1,88,1
19,4201,3,147,1
19,10914,5,19,1
19,6140,5,89,1
19,2027,6,2,1
19,4005,5,132,2
19,803,5,10,2
19,10482,5,124,3
19,3676,4,36,3
19,46,4,37,0
19,1843,5,3,1
19,1225,7,1,4
19,5646,3,1,6
19,10680,6,11,1
19,104,3,83,3
19,26,5,17,2
19,10466,4,27,3
19,1785,4,4,4
19,302,6,1,1
19,93,3,8,4
19,6360,4,60,0
19,8264,5,38,1
19,10771,7,55,1
19,17,4,33,0
19,7314,6,7,1
19,816,5,4,2
19,5430,5,1,1
19,6660,4,1,2
19,10821,4,1,1
19,1280,5,1,1
19,22,7,1,2
19,4983,5,1,1
19,7066,7,1,1
20,5691,7,4,1
20,11039,4,3,3
20,8761,3,64,0
20,2915,4,18,2
20,3450,7,2,3
20,68,4,81,0
20,7770,5,22,2
20,11293,5,6,1
20,5459,4,43,15
20,8,4,4,2
20,8578,5,5,1
20,2150,6,1,1
20,3669,6,28,0
20,9396,6,4,1
20,7853,6,7,1
20,6388,6,1,1
20,6813,6,7,3
20,8966,5,10,2
20,11351,4,139,1
20,8209,6,2,2
20,7,6,3,1
20,1299,4,10,5
20,3339,5,5,2
20,2687,8,1,1
20,209,6,3,3
20,5388,6,1,3
20,8228,7,1,1
20,1836,7,38,2
20,3967,5,2,7
20,5594,4,1,2
20,4200,5,2,10
20,2841,3,85,1
20,1653,9,1,3
20,6730,4,1,1
20,2856,4,2,5
20,1849,5,4,11
20,5551,6,1,2
20,497,2,188,1
20,8297,5,1,3
20,255,9,1,1
20,424,4,1,1
20,385,6,3,1
20,1334,5,1,2
20,1675,7,1,1
20,1113,4,3,1
20,1667,5,4,2
20,49,4,119,0
20,1853,2,122,3
20,10311,5,45,0
20,6381,2,94,1
20,6356,9,7,1
20,10318,5,74,1
20,7843,5,62,1
20,11028,3,51,1
20,7189,7,1,4
20,4738,7,4,1
20,803,6,1,1
20,7050,3,103,2
20,3909,5,2,1
20,293,3,1,28
20,2637,3,1,2
20,3549,5,1,5
20,3749,9,1,1
20,4000,4,1,8
20,10725,5,1,1
20,29,6,1,1
20,693,6,1,2
20,3112,8,1,1
20,5739,5,1,2
20,3,6,76,2
20,55,5,51,1
20,1742,6,6,2
20,1249,6,18,2
20,7016,7,3,3
20,7281,5,62,1
20,6541,3,36,1
20,2572,6,10,2
20,8210,3,28,4
20,7473,2,42,4
20,80,3,36,1
20,10261,5,20,2
20,3758,8,93,1
20,559,5,6,2
20,11015,5,57,2
20,6433,6,20,1
20,814,7,51,3
20,6410,4,39,3
20,8175,5,13,2
20,8047,4,18,3
20,5384,5,36,3
20,11095,4,118,1
20,6510,6,45,2
20,1680,2,33,3
20,5392,5,15,1
20,5676,7,18,3
20,5673,6,18,2
20,48,3,54,3
20,5723,4,55,2
20,6411,6,2,1
20,2685,3,58,6
20,10455,4,4,1
20,88,4,4,2
20,5727,2,48,3
20,568,4,15,6
20,101,4,2,2
20,685,7,4,4
20,4969,5,4,5
20,7599,4,2,2
20,6172,4,11,7
20,10643,6,35,1
20,11235,6,8,1
20,6223,6,32,2
20,7138,9,39,1
20,3737,4,155,1
20,5078,11,66,1
20,11060,5,13,1
21,8578,6,1,1
21,226,4,5,4
21,127,5,4,2
21,9396,7,1,1
21,8074,3,7,1
21,4713,2,56,2
21,8820,3,44,2
21,8608,5,31,2
21,8237,4,12,1
21,8209,7,36,2
21,2493,6,2,2
21,8196,6,47,1
21,7,7,1,2
21,378,5,5,0
21,6793,5,2,0
21,2905,2,1,1
21,6813,7,1,3
21,3352,4,34,4
21,4694,8,4,3
21,1741,5,4,3
21,517,5,3,3
21,5388,7,1,4
21,5620,5,1,1
21,6762,8,1,2
21,3491,7,2,9
21,209,7,1,2
21,5400,5,2,5
21,5413,3,4,2
21,255,10,1,1
21,3999,6,2,1
21,5050,3,3,8
21,1335,5,5,2
21,1329,6,3,1
21,2477,4,263,1
21,5641,7,45,1
21,3701,3,74,4
21,3354,2,47,3
21,6681,7,5,2
21,13,7,7,2
21,1691,6,4,1
21,239,7,5,1
21,854,3,5,2
21,577,5,92,6
21,852,6,5,4
21,7569,5,3,1
21,1706,5,53,2
21,159,5,1,1
21,17,5,1,1
21,6660,5,1,3
21,1800,5,2,14
21,3479,5,2,3
21,52,4,1,2
21,8966,6,1,1
21,11351,5,1,1
21,6988,8,1,1
21,9430,4,1,1
21,11154,4,1,1
21,6922,9,4,6
21,7176,3,8,1
21,7725,7,2,3
21,7756,6,2,3
21,2637,4,1,2
21,3549,6,1,9
21,1201,5,2,3
21,3676,5,2,4
21,6192,4,2,2
21,29,7,1,1
21,3112,9,1,1
21,5739,6,1,1
21,3388,9,34,3
21,11078,5,68,2
21,8750,4,58,2
21,10349,5,2,1
21,6470,4,62,1
21,2767,6,42,4
21,6606,5,20,2
21,7462,4,19,1
21,6327,5,56,5
21,8959,5,47,1
21,5746,3,90,1
21,7586,4,38,3
21,10780,6,32,2
21,10902,4,70,1
21,10838,6,67,4
21,5696,4,43,10
21,6755,3,24,3
21,32,4,21,2
21,4,3,266,1
21,714,5,25,2
21,5683,4,34,10
21,7473,3,2,1
21,10914,6,1,2
21,33,6,43,4
21,3602,8,63,2
21,4004,9,51,3
21,3739,3,43,3
21,2902,5,14,1
21,4983,6,1,1
21,1760,6,36,2
21,93,4,1,4
21,4005,6,1,2
21,5676,8,1,1
21,11492,8,30,2
21,1275,6,40,5
21,3847,6,25,11
21,10815,6,51,2
21,10994,7,39,3
21,592,8,51,1
21,4293,9,26,1
21,1453,8,4,1
21,6679,6,55,3
21,16,3,30,1
21,2041,4,155,2
21,8271,3,381,0
21,8874,3,143,1
21,513,3,129,4
21,71,5,44,7
21,5551,7,1,2
21,1849,6,1,5
21,1667,6,1,1
22,1673,3,90,26
22,11042,7,4,2
22,224,7,110,1
22,3463,4,61,1
22,1717,4,42,5
22,11260,6,4,0
22,10482,6,2,1
22,4738,8,2,1
22,1843,6,3,1
22,3148,7,42,2
22,24,5,4,3
22,4191,4,6,2
22,2493,7,2,1
22,49,5,2,1
22,10656,5,1,1
22,7925,4,2,1
22,559,6,1,1
22,814,8,1,3
22,3701,4,1,5
22,6223,7,1,2
22,6541,4,1,1
22,701,6,3,82
22,10455,5,1,1
22,7853,7,22,3
22,11277,8,2,1
22,5078,12,1,1
22,3561,4,3,65
22,3669,7,2,1
22,5006,3,3,5
22,7018,5,3,48
22,291,8,1,1
22,2856,5,2,4
22,5691,8,2,1
22,3549,7,1,5
22,5727,3,1,4
22,6922,10,1,4
22,7756,7,1,2
22,1,5,4,47
22,11015,6,1,0
22,18,5,3,2
22,38,5,3,3
22,3354,3,1,1
22,104,4,3,3
22,217,7,3,2
22,1312,5,4,2
22,4201,4,3,1
22,3112,10,1,1
22,3676,6,1,3
22,7050,4,2,2
22,4017,7,17,1
22,5719,5,16,1
22,8041,5,29,2
22,3527,4,55,0
22,10349,6,7,1
22,10490,8,11,4
22,10851,4,20,0
22,10637,6,40,1
22,8175,6,2,1
22,6463,7,16,2
22,7333,3,28,3
22,34,5,20,1
22,6719,4,36,1
22,3360,6,20,2
22,6852,8,52,2
22,6301,4,59,0
22,5549,5,58,2
22,9026,6,1,1
22,8469,5,1,1
22,101,5,1,2
22,4969,6,1,3
22,3066,5,6,2
22,22,8,2,2
22,668,4,10,10
22,10721,5,37,2
22,2553,5,2,3
22,3737,5,1,1
22,4231,5,8,1
22,803,7,1,2
22,4004,10,1,3
22,5676,9,1,2
22,2027,7,1,1
22,11427,8,9,0
22,10771,8,4,2
22,11021,7,73,1
22,5957,7,21,1
22,1453,9,1,1
22,5653,8,9,3
22,4657,5,9,0
22,7657,3,102,2
22,7757,3,23,1
22,3301,7,4,1
22,8209,8,75,3
22,1833,7,5,6
22,4713,3,2,2
22,3343,2,3,1
22,2687,9,27,2
22,3303,6,19,4
22,3333,3,6,11
22,3302,5,3,1
22,1755,5,34,15
22,209,8,21,4
22,1653,10,23,3
22,3352,5,72,3
22,8820,4,66,2
22,6696,5,51,2
22,424,5,3,1
22,3344,7,6,3
23,400,4,42,2
23,8263,5,185,0
23,721,5,27,5
23,1334,6,3,0
23,8001,5,59,1
23,4130,5,23,0
23,3559,3,85,1
23,2477,5,2,0
23,37,4,9,1
23,4738,9,1,1
23,127,6,2,3
23,600,7,4,3
23,3148,8,1,2
23,7992,5,2,1
23,3599,4,4,1
23,6388,7,5,1
23,7046,6,5,0
23,7260,5,4,0
23,2150,7,2,3
23,7281,6,2,0
23,8210,4,2,1
23,6580,7,3,0
23,11426,7,4,0
23,8966,7,2,2
23,6433,7,9,0
23,6467,6,10,2
23,3789,6,9,2
23,9430,5,2,0
23,68,5,2,1
23,3506,6,2,1
23,291,9,1,1
23,2041,5,1,2
23,293,4,3,49
23,7927,5,2,2
23,11039,5,3,3
23,2685,4,2,6
23,6172,5,3,7
23,7725,8,2,2
23,18,6,1,1
23,3676,7,1,3
23,4557,4,8,4
23,6200,6,15,2
23,237,4,40,5
23,5696,5,1,9
23,8160,7,6,3
23,814,9,1,2
23,8415,4,96,0
23,5588,6,64,1
23,2647,6,78,0
23,8175,7,1,1
23,4565,5,22,6
23,2711,6,50,2
23,4,4,3,1
23,6705,7,53,3
23,9026,7,2,1
23,5392,6,3,1
23,8469,6,9,1
23,3257,6,61,10
23,3582,4,4,1
23,7599,5,3,2
23,13,8,2,1
23,6113,4,10,4
23,1680,3,3,2
23,5511,5,30,4
23,6459,7,17,1
23,4129,4,5,2
23,5666,7,29,0
23,7212,7,23,1
23,7138,10,2,2
23,3739,4,1,1
23,6922,11,1,3
23,1239,5,62,60
23,10947,6,35,1
23,11134,5,34,0
23,10780,7,2,2
23,10994,8,3,3
23,7170,2,18,10
23,299,5,104,2
23,10437,6,14,1
23,114,7,26,4
23,8874,4,3,1
23,2917,5,55,3
23,8,5,101,0
23,11293,6,14,1
23,8578,7,36,1
23,5653,9,2,2
23,1103,7,23,3
23,298,2,137,2
23,4926,5,108,3
23,7,8,34,2
23,3464,5,78,3
23,11290,7,86,1
23,6805,4,77,5
23,5459,5,9,14
23,8237,5,42,0
23,1833,8,1,5
23,3301,8,1,1
23,11383,4,7,1
23,5594,5,3,6
23,8527,4,45,1
23,3951,8,15,7
23,6350,6,42,0
23,6461,6,20,9
23,1741,6,11,3
24,3300,6,44,14
24,6762,9,1,1
24,3333,4,1,7
24,286,7,53,23
24,3491,8,12,6
24,497,3,6,0
24,400,5,1,1
24,255,11,123,0
24,1325,4,4,1
24,1938,7,6,1
24,7908,6,11,1
24,1327,7,39,0
24,224,8,2,1
24,271,4,6,4
24,854,4,1,1
24,549,3,126,3
24,267,6,8,2
24,41,7,13,1
24,160,4,76,2
24,3128,6,27,3
24,1673,4,1,18
24,8143,6,7,2
24,10455,6,1,1
24,8074,4,3,1
24,11351,6,24,4
24,3669,8,2,1
24,10561,7,5,1
24,513,4,2,5
24,3450,8,4,2
24,4000,5,4,8
24,3,7,3,2
24,1,6,1,33
24,3479,6,3,2
24,1225,8,4,4
24,3909,6,4,3
24,7192,5,6,1
24,1785,5,3,3
24,693,7,4,2
24,5739,7,3,2
24,1742,7,4,1
24,24,6,2,3
24,3112,11,2,2
24,3388,10,2,2
24,3676,8,1,2
24,55,6,42,1
24,11078,6,11,2
24,6192,5,24,2
24,8063,3,38,1
24,3493,3,58,2
24,81,5,10,3
24,815,7,32,1
24,3932,5,70,5
24,8750,5,2,1
24,1761,5,43,1
24,5430,6,6,2
24,6411,7,6,1
24,101,6,2,2
24,4969,7,1,3
24,2033,5,7,0
24,6320,6,6,1
24,199,5,77,0
24,6510,7,5,2
24,10771,9,1,1
24,5746,4,4,0
24,210,6,42,1
24,5650,7,11,1
24,3912,9,16,2
24,10643,7,4,0
24,1691,7,2,2
24,10482,7,2,2
24,4005,7,3,2
24,1680,4,1,2
24,3737,6,1,1
24,7333,4,2,1
24,8041,6,2,1
24,10780,8,4,2
24,2915,5,14,2
24,3758,9,1,2
24,4657,6,1,2
24,50,3,24,0
24,5424,3,188,2
24,11293,7,1,1
24,8387,5,119,1
24,8831,7,115,1
24,8966,8,1,2
24,10815,7,1,1
24,11134,6,1,1
24,6878,4,65,1
24,5496,7,166,4
24,679,5,125,1
24,8271,4,1,1
24,378,6,3,1
24,5459,6,1,13
24,2905,3,34,1
24,2686,3,35,3
24,33,7,11,3
24,2687,10,1,1
24,2554,6,16,3
24,1299,5,5,4
24,1853,3,4,4
24,1113,5,304,0
24,8608,6,15,1
24,8251,3,40,3
24,3305,6,5,1
24,7138,11,1,1
25,2840,6,98,2
25,6730,5,33,1
25,1836,8,9,0
25,1326,4,65,0
25,4130,6,17,1
25,1309,3,319,1
25,1717,5,2,3
25,803,8,2,2
25,7189,8,4,3
25,8959,6,4,1
25,6762,10,2,1
25,111,3,72,2
25,4738,10,1,1
25,87,5,43,2
25,2493,8,2,2
25,144,6,5,2
25,1280,6,5,2
25,814,10,1,1
25,3951,9,1,5
25,8210,5,1,5
25,10838,7,1,3
25,1275,7,3,3
25,6719,5,2,0
25,3967,6,12,6
25,5673,7,3,2
25,5723,5,5,1
25,1249,7,4,2
25,7192,6,1,1
25,38,6,3,3
25,104,5,3,4
25,3909,7,1,1
25,217,8,3,2
25,4201,5,3,2
25,3354,4,1,1
25,24,7,1,3
25,160,5,1,2
25,3676,9,1,3
25,6200,7,1,2
25,11039,6,1,1
25,10466,5,17,3
25,6443,5,51,0
25,6,4,46,0
25,7586,5,4,1
25,11423,5,25,3
25,47,6,45,1
25,4,5,2,1
25,3360,7,1,1
25,101,7,1,2
25,5549,6,3,1
25,4969,8,1,2
25,6320,7,1,2
25,4637,4,44,2
25,3447,10,40,1
25,1239,6,1,52
25,10482,8,1,1
25,2902,6,4,0
25,6463,8,4,3
25,4004,11,3,3
25,3737,7,1,1
25,1221,6,69,2
25,22,9,3,2
25,7170,3,1,9
25,11397,8,32,1
25,6735,6,88,0
25,7770,6,11,1
25,114,8,2,5
25,299,6,2,2
25,6683,3,168,2
25,1136,7,82,3
25,5078,13,2,1
25,6580,8,2,2
25,6813,8,2,3
25,10947,7,2,3
25,11277,9,4,1
25,8074,5,1,1
25,10815,8,1,2
25,11134,7,1,2
25,11351,7,1,2
25,11427,9,3,1
25,5548,8,36,1
25,3339,6,16,1
25,8543,8,12,2
25,5409,5,45,4
25,1273,7,41,3
25,5620,6,50,1
25,3257,7,1,10
25,3254,4,19,1
25,5424,4,1,1
25,2905,4,1,1
25,8608,7,1,2
25,4000,6,1,8
25,286,8,1,18
26,10561,8,1,1
26,80,4,5,1
26,11090,6,6,2
26,1740,7,21,27
26,10455,7,1,0
26,8047,5,5,3
26,6988,9,5,1
26,25,6,6,1
26,292,8,5,0
26,6660,6,5,4
26,6679,7,3,3
26,3749,10,7,1
26,48,4,7,1
26,568,5,5,5
26,2637,5,5,1
26,1800,6,8,9
26,4017,8,3,1
26,1706,6,8,1
26,693,8,2,2
26,3388,11,2,1
26,104,6,1,2
26,7806,5,13,2
26,6385,7,61,2
26,8160,8,8,3
26,7927,6,2,1
26,6545,6,9,2
26,6859,4,26,2
26,7915,3,94,2
26,11268,7,28,1
26,4,6,1,1
26,47,7,2,1
26,2914,8,15,38
26,6320,8,1,0
26,7599,6,3,1
26,7473,4,5,2
26,11095,5,6,3
26,3506,7,2,1
26,2553,6,4,0
26,8052,8,43,1
26,2572,7,8,1
26,2027,8,3,1
26,4983,7,3,2
26,1760,7,4,1
26,3463,5,4,0
26,4231,6,11,2
26,6606,6,13,2
26,27,6,84,1
26,7515,10,50,3
26,10796,3,59,3
26,71,6,4,7
26,9396,8,84,1
26,7543,6,56,1
26,8743,4,81,2
26,1852,6,134,7
26,8209,9,3,2
26,1103,8,3,3
26,4129,5,4,3
26,3464,6,2,4
26,7725,9,2,4
26,11277,10,1,1
26,6654,3,130,1
26,8933,4,55,3
26,1761,6,8,1
26,8271,5,2,1
26,5413,4,4,2
26,5459,7,1,8
26,786,2,72,4
26,2554,7,1,2
26,6805,5,6,3
26,6251,7,40,1
26,8527,5,2,2
26,2588,3,21,4
26,3254,5,1,1
26,3320,6,36,4
26,209,9,4,1
26,1853,4,2,4
26,1755,6,4,16
26,8192,8,6,1
26,1849,7,5,8
26,702,3,53,10
26,5568,9,38,1
26,6770,5,138,0
26,2477,6,265,0
26,4230,2,103,1
26,11690,2,87,1
26,577,6,22,7
26,5384,6,47,4
26,194,7,18,2
26,1843,7,29,1
26,1326,5,1,1
26,5548,9,1,2
26,8543,9,29,1
26,6541,5,3,1
26,6735,7,82,1
26,3739,5,13,2
26,5588,7,7,2
26,10656,6,3,1
50,2548,6,366,21
50,4969,9,202,5
50,10656,7,579,1
50,1335,6,193,2
50,1455,8,535,1
50,1334,7,282,2
50,1453,10,261,1
50,10771,10,127,2
50,3999,7,295,1
50,3758,10,336,2
50,4738,11,277,1
50,3527,5,194,1
50,1,7,165,67
50,1225,9,136,10
50,3,8,128,3
50,4,7,496,1
50,1103,9,148,4
50,2554,8,253,3
50,6,5,201,1
50,2553,7,169,3
50,7,9,171,2
50,1221,7,333,2
50,8,6,421,2
50,9,5,313,1
50,10780,9,276,2
50,803,9,122,3
50,2572,8,122,2
50,1239,7,139,88
50,10513,4,189,2
50,5719,6,186,1
50,10637,7,153,2
50,2687,11,208,2
50,2686,4,202,8
50,1113,6,549,1
50,2685,5,145,14
50,4983,8,310,2
50,6922,12,136,7
50,814,11,236,4
50,10994,9,362,4
50,815,8,377,3
50,816,6,195,4
50,5957,8,311,1
50,6805,6,285,6
50,3794,6,167,1
50,3549,8,211,10
50,1249,8,212,2
50,3305,7,185,3
50,7908,7,2102,2
50,3303,7,194,5
50,3302,6,190,2
50,3301,9,123,1
50,3300,7,147,25
50,701,7,227,105
50,702,4,116,15
50,5723,6,191,2
50,3789,7,235,3
50,6813,9,270,4
50,3669,9,266,1
50,4637,5,256,3
50,5727,4,143,7
50,10643,8,183,1
50,5620,7,207,1
50,10609,9,297,2
50,3320,7,95,12
50,3561,5,212,92
50,5739,8,202,2
50,3559,4,186,1
50,2588,4,374,4
50,1136,8,240,4
50,714,6,218,2
50,3676,10,114,4
50,4766,4,182,6
50,10851,5,226,1
50,7915,4,117,3
50,6705,8,83,3
50,1275,8,284,5
50,1273,8,74,4
50,3450,9,224,4
50,1270,6,194,2
50,6719,6,168,1
50,3447,11,204,2
50,2477,7,572,1
50,600,8,219,6
50,721,6,183,8
50,7922,6,142,12
50,7925,5,223,1
50,4657,7,338,2
50,5746,5,84,2
50,7806,6,184,2
50,7927,7,161,2
50,5641,8,207,3
50,6852,9,229,2
50,6851,5,638,1
50,5400,6,205,6
50,6730,6,146,1
50,3343,3,654,2
50,3464,7,223,4
50,3463,6,156,1
50,3582,5,288,2
50,2493,9,172,2
50,1280,7,171,3
50,3339,7,149,2
50,3215,4,285,4
50,852,7,171,6
50,3333,5,157,14
50,854,5,192,2
50,10838,8,221,4
50,5511,6,159,5
50,6606,7,298,2
50,5650,8,123,2
50,4200,6,218,16
50,5653,10,149,3
50,4201,6,182,2
50,3112,12,190,2
50,3354,5,282,4
50,3352,6,216,5
50,2381,6,328,4
50,5409,6,143,7
50,8918,6,186,5
50,10725,6,198,3
50,2497,2,190,28
50,3344,8,272,4
50,6735,8,245,1
50,5646,4,197,17
50,4557,5,279,4
50,10721,6,166,4
50,6859,5,263,3
50,4694,9,247,3
50,10490,9,249,5
50,6510,8,191,2
50,2033,6,423,1
50,2150,8,297,4
50,3360,8,172,3
50,3480,7,308,2
50,6509,5,138,5
50,3479,7,187,3
50,2027,9,250,1
50,3599,5,226,1
50,1299,6,216,6
50,513,5,232,6
50,4565,6,123,12
50,5413,5,206,3
50,6988,10,168,1
50,517,6,206,3
50,5418,6,282,2
50,11589,5,195,3
50,5551,8,219,6
50,6762,11,203,3
50,8820,5,235,2
50,5430,7,105,3
50,5673,8,219,3
50,7853,8,312,3
50,11351,8,275,4
50,10261,6,210,2
50,3254,6,148,1
50,3493,4,159,4
50,2041,6,218,3
50,3491,9,183,11
50,3128,7,237,3
50,400,6,568,2
50,11232,2,169,2
50,6755,4,242,3
50,11110,7,344,1
50,7843,6,192,2
50,5666,8,131,1
50,5424,5,108,3
50,6878,5,171,2
50,7725,10,186,4
50,8933,5,249,5
50,5427,5,233,2
50,5548,10,181,2
50,11235,7,215,2
50,5549,7,122,2
50,4592,5,190,2
50,4230,3,196,3
50,6770,6,440,2
50,6410,5,358,3
50,5683,5,210,11
50,8831,8,218,2
50,4231,7,131,3
50,6654,4,136,1
50,6411,8,194,1
50,3257,8,183,19
50,5676,10,171,3
50,11563,6,377,2
50,6406,5,491,1
50,5691,9,151,1
50,7992,6,170,2
50,6660,7,236,5
50,4000,7,193,15
50,11690,3,334,2
50,6541,6,281,1
50,10482,9,195,3
50,5696,6,102,12
50,6301,5,197,3
50,302,7,329,2
50,3148,9,318,2
50,786,3,184,6
50,424,6,466,1
50,3388,12,243,3
50,668,5,141,14
50,549,4,217,3
50,5568,10,1272,1
50,8959,7,233,2
50,6793,6,232,1
50,4130,7,197,1
50,5583,6,285,4
50,6433,8,208,1
50,11427,10,173,1
50,11426,8,174,1
50,7756,8,142,3
50,4004,12,209,4
50,679,6,525,1
50,559,7,149,2
50,4005,8,283,3
50,6545,7,289,3
50,6669,6,245,2
50,7757,4,174,3
50,8966,9,234,3
50,5459,8,181,21
50,7515,11,283,5
50,11423,6,380,4
50,8608,8,141,2
50,4129,6,129,4
50,10455,8,161,1
50,11422,5,241,4
50,6681,8,485,2
50,7770,7,328,2
50,6683,4,251,2
50,6320,9,112,4
50,5594,6,205,6
50,6443,6,280,1
50,8743,5,128,3
50,6200,8,171,3
50,10349,7,188,1
50,685,8,208,4
50,568,6,194,10
50,5588,8,279,3
50,4017,9,347,1
50,6679,8,298,4
50,209,10,97,5
50,10466,6,141,3
50,8750,6,158,2
50,6570,4,226,1
50,6696,6,197,3
50,7543,7,143,3
50,6453,6,161,17
50,8874,5,247,1
50,3066,6,182,2
50,10437,7,139,3
50,693,9,214,3
50,210,7,221,3
50,10318,6,2363,1
50,577,7,213,9
50,7657,4,238,3
50,217,9,186,3
50,6327,6,259,8
50,10796,4,218,3
50,10311,6,207,1
50,6461,7,116,18
50,8761,4,387,1
50,6463,9,220,3
50,6223,8,175,2
50,5496,8,231,4
50,5377,9,160,4
50,10680,7,337,2
50,7314,7,140,2
50,6467,7,271,6
50,5378,5,220,4
50,6580,9,194,2
50,101,8,266,2
50,103,9,209,1
50,224,9,299,1
50,225,5,359,2
50,104,7,139,4
50,226,5,203,6
50,10561,9,168,2
50,5006,4,119,7
50,10562,5,211,3
50,6459,8,87,1
50,4293,10,226,1
50,6350,7,291,2
50,5384,7,106,4
50,11060,6,169,1
50,6113,5,121,7
50,5388,8,294,5
50,6356,10,256,2
50,592,9,470,1
50,6470,5,356,1
50,111,4,113,2
50,234,4,292,3
50,114,9,163,6
50,237,5,257,7
50,239,8,465,1
50,8527,6,266,2
50,6347,6,240,6
50,6122,6,186,2
50,13,9,176,2
50,6484,2,246,5
50,16,4,203,1
50,7212,8,148,2
50,7333,5,153,3
50,17,6,254,1
50,8543,10,277,3
50,18,7,266,2
50,7570,5,231,1
50,6360,5,198,1
50,5392,7,188,2
50,127,7,281,3
50,7569,6,230,1
50,11078,7,142,2
50,8415,5,216,1
50,1901,3,773,2
50,7462,5,278,1
50,22,10,258,2
50,6251,8,186,2
50,24,8,102,3
50,25,7,64,3
50,26,6,227,2
50,7586,6,381,3
50,27,7,161,1
50,29,8,332,1
50,11042,8,213,2
50,4191,5,126,2
50,131,5,254,2
50,132,8,224,2
50,255,12,196,1
50,497,4,533,1
50,378,7,758,1
50,32,5,243,2
50,11290,8,144,2
50,33,8,194,4
50,7473,5,338,4
50,34,6,133,2
50,7474,6,302,7
50,6385,8,176,2
50,6388,8,213,2
50,37,5,163,1
50,11293,8,199,1
50,38,7,179,3
50,7599,7,169,2
50,6140,6,222,1
50,5050,4,264,9
50,6381,3,142,2
50,385,7,2223,1
50,1800,7,189,17
50,144,7,202,3
50,145,6,141,47
50,267,7,202,2
50,41,8,224,1
50,45,6,270,1
50,46,5,208,2
50,8210,6,133,5
50,47,8,401,1
50,8578,8,260,1
50,48,5,217,3
50,49,6,221,1
50,11260,7,122,2
50,11021,8,235,2
50,11383,5,242,2
50,271,5,185,4
50,159,6,177,2
50,8209,10,188,3
50,1938,8,315,1
50,50,4,211,2
50,2905,5,350,1
50,52,5,171,2
50,11268,8,230,2
50,2902,7,142,1
50,11028,4,297,2
50,55,7,358,1
50,9430,6,192,1
50,7015,4,341,3
50,11030,8,166,2
50,5078,14,315,1
50,7377,5,235,1
50,8469,7,559,1
50,7017,6,146,3
50,7138,12,160,2
50,7016,8,147,4
50,160,6,208,2
50,286,9,104,41
50,11397,9,224,2
50,11154,5,236,1
50,2917,6,179,7
50,1706,7,161,2
50,11277,11,241,1
50,2915,6,208,2
50,2914,9,184,57
50,11039,7,123,5
50,68,6,95,1
50,8237,6,640,1
50,291,10,160,1
50,292,9,171,1
50,7260,6,188,3
50,293,5,108,68
50,8472,5,313,4
50,174,4,208,13
50,6172,6,89,13
50,297,5,409,18
50,1833,9,189,9
50,298,3,187,3
50,299,7,381,2
50,7018,6,199,71
50,8228,8,237,2
50,71,7,88,8
50,1717,6,181,5
50,73,8,175,4
50,1836,9,119,2
50,77,5,294,1
50,7276,6,369,3
50,8001,6,235,2
50,11492,9,206,2
50,1843,8,160,1
50,3909,8,125,3
50,80,5,132,1
50,81,6,227,4
50,11134,8,210,2
50,1849,8,89,15
50,11015,7,197,2
50,87,6,217,2
50,88,5,174,3
50,7046,7,167,1
50,8251,4,164,5
50,194,8,228,4
50,7281,7,220,1
50,6192,6,82,2
50,196,2,171,1
50,199,6,127,1
50,1853,5,208,4
50,1852,7,119,10
50,10815,9,169,2
50,93,5,217,5
50,2828,6,229,7
50,3912,10,221,4
50,7176,4,174,2
50,8387,6,238,1
50,8264,6,241,1
50,8143,7,169,3
50,7170,4,73,17
50,7050,5,251,2
50,8263,6,260,1
50,1503,5,192,2
50,1744,3,283,1
50,10821,5,242,2
50,2711,7,150,4
50,1742,8,173,2
50,1741,7,147,3
50,10947,8,239,3
50,1740,8,111,42
50,7066,8,241,5
50,7189,9,163,7
50,8271,6,349,1
50,2603,2,164,6
50,1755,7,87,23
50,2841,4,1486,1
50,10914,7,205,2
50,2840,7,492,3
50,10915,5,245,1
50,3932,6,192,10
50,8047,6,220,3
50,8160,9,199,3
50,7192,7,215,2
50,8041,7,115,2
50,2856,6,168,7
50,1761,7,153,2
50,1760,8,183,3
50,3940,4,398,2
50,3701,5,224,5
50,9026,8,620,1
50,8297,6,188,6
50,8175,8,181,2
50,8052,9,126,2
50,4926,6,395,4
50,1653,11,196,3
50,3951,10,207,10
50,9396,9,503,1
50,8063,4,189,2
50,3847,7,148,13
50,1667,7,317,2
50,3602,9,245,3
50,1785,6,279,5
50,10902,5,206,1
50,1309,4,350,1
50,2637,6,147,2
50,3967,7,106,11
50,8192,9,236,1
50,1680,5,193,3
50,8196,7,170,2
50,8074,6,257,1
50,2647,7,165,1
50,3737,8,250,1
50,2767,7,142,4
50,3739,6,193,3
50,1675,8,274,1
50,1312,6,218,2
50,1673,5,142,33
50,3850,4,222,2
50,11095,6,191,3
50,1691,8,163,2
50,11090,7,228,2
50,1206,3,199,1
50,1327,8,190,1
50,3749,11,140,2
50,1326,6,262,1
50,1325,5,169,2
50,1324,5,322,1
50,1323,4,164,2
50,1201,6,115,3
50,4713,4,259,2
50,1329,7,174,1
50,3506,8,138,2
