0,22,1,1,2
0,8820,1,1,2
0,6878,1,1,2
0,145,1,1,47
0,5413,1,1,3
0,10851,1,1,1
0,5050,1,1,8
0,48,1,1,3
0,7757,1,1,3
0,2033,1,1,1
0,93,1,1,5
0,3491,1,1,11
0,6805,1,1,5
0,2477,1,1,1
0,160,1,1,1
0,5377,1,1,4
0,5384,1,1,4
0,6453,1,1,14
0,10637,1,1,2
0,3951,1,1,10
0,3909,1,1,3
0,11422,1,1,3
0,7015,1,1,3
0,11110,1,1,1
0,786,1,1,5
0,1136,1,1,4
0,6762,1,1,2
0,5427,1,1,2
0,7925,1,1,1
0,3506,1,1,2
0,11021,1,1,2
0,6988,1,1,1
0,10914,1,1,2
0,1760,1,1,3
0,103,1,1,1
0,1901,1,1,2
0,10915,1,1,1
0,2685,1,1,14
0,568,1,1,10
0,4004,1,1,4
0,3602,1,1,3
0,3940,1,1,2
0,6463,1,1,2
0,6852,1,1,2
0,8196,1,1,2
0,5424,1,1,3
0,3527,1,1,1
0,8063,1,1,2
0,3676,1,1,3
0,2902,1,1,1
0,292,1,1,1
0,6509,1,1,4
0,3739,1,1,3
0,49,1,1,1
0,3,1,1,2
0,11134,1,1,2
0,2588,1,1,3
0,679,1,1,1
0,7599,1,1,2
0,68,1,1,1
0,10318,1,1,1
0,7170,1,1,15
0,13,1,1,1
0,5727,1,1,7
0,144,1,1,3
0,1,1,1,59
0,8578,1,1,1
0,5078,1,1,1
0,7189,1,1,7
0,5646,1,1,13
0,11423,1,1,3
0,225,1,1,1
0,11277,1,1,1
0,3669,1,1,0
0,10490,1,1,4
0,5548,1,1,2
0,10680,1,1,1
0,6388,1,1,2
0,9430,1,1,1
0,1329,1,1,1
0,2041,1,1,3
0,159,1,1,2
0,4293,1,1,1
0,1852,1,1,10
0,50,1,1,2
0,5459,1,1,18
0,239,1,1,1
0,11090,1,1,2
0,293,1,1,53
0,88,1,1,2
0,2027,1,1,1
0,1324,1,1,1
0,4130,1,1,0
0,3758,1,1,2
0,11060,1,1,1
0,199,1,1,0
0,4200,1,1,13
0,5620,1,1,1
0,1843,1,1,1
0,7050,1,1,1
0,11260,1,1,2
0,852,1,1,6
0,11293,1,1,0
0,3561,1,1,75
0,11426,1,1,0
0,6385,1,1,2
0,10643,1,1,1
0,6350,1,1,1
0,5739,1,1,0
0,3215,1,1,4
0,6411,1,1,1
0,127,1,1,3
0,1742,1,1,1
0,6410,1,1,3
0,3464,1,1,1
0,10721,1,1,3
0,8,1,1,2
1,4969,1,1,4
1,38,1,1,1
1,10349,1,1,0
1,10437,1,1,2
1,2554,1,1,3
1,3480,1,1,2
1,6113,1,1,5
1,6683,1,1,1
1,11030,1,1,2
1,1717,1,2,5
1,210,1,1,2
1,271,1,3,3
1,6461,1,2,13
1,4191,1,2,1
1,1849,1,1,12
1,291,1,2,0
1,47,1,5,0
1,1673,1,3,23
1,6813,1,1,3
1,5392,1,1,2
1,8209,1,1,3
1,3339,1,1,2
1,400,1,66,2
1,3254,1,15,1
1,87,1,18,1
1,3148,1,2,2
1,5673,1,4,2
1,1503,1,12,1
1,854,1,5,1
1,5666,1,2,0
1,4005,1,1,2
1,4926,1,4,3
1,2767,1,10,3
1,3847,1,7,8
1,592,1,1,0
1,2917,1,3,5
1,7915,1,12,3
1,1221,1,10,0
1,10561,1,3,1
1,5430,1,3,3
1,7599,2,1,1
1,6705,1,4,3
1,10513,1,2,1
1,4592,1,7,2
1,7066,1,7,3
1,6484,1,5,3
1,6580,1,3,1
1,4565,1,3,8
1,11015,1,1,1
1,267,1,6,2
1,302,1,1,2
1,7473,1,11,2
1,721,1,5,5
1,1755,1,9,21
1,2687,1,12,1
1,10796,1,16,2
1,6922,1,14,6
1,33,1,15,3
1,3479,1,17,1
1,17,1,10,1
1,5377,2,22,1
1,29,1,18,0
1,32,1,31,0
1,11039,1,2,1
1,45,1,6,0
1,7543,1,21,2
1,6459,1,6,1
1,3303,1,8,4
1,2915,1,15,2
1,3582,1,14,2
1,71,1,3,5
1,10994,1,3,3
1,7570,1,4,1
1,286,1,2,30
1,2493,1,2,2
1,3951,2,1,7
1,3789,1,2,1
1,6251,1,2,1
1,3343,1,4,2
1,2840,1,8,3
1,8047,1,2,1
1,1667,1,3,0
1,8196,2,1,1
1,3450,1,6,2
1,16,1,4,0
1,786,2,1,2
1,1836,1,4,1
1,93,2,1,3
1,8761,1,2,1
1,217,1,8,1
1,1800,1,4,12
1,6851,1,2,0
1,10562,1,2,3
1,3506,2,1,1
1,577,1,2,4
1,1113,1,2,1
1,4766,1,2,5
1,4231,1,2,3
1,3549,1,9,8
1,6200,1,10,0
1,497,1,2,0
1,1761,1,2,1
1,11028,1,2,1
1,1270,1,2,2
1,209,1,2,2
1,6654,1,3,1
1,5583,1,6,3
1,1852,2,1,7
2,7992,1,11,1
2,2647,1,35,1
2,3305,1,14,3
2,3599,1,2,0
2,11351,1,38,3
2,5957,1,2,0
2,224,1,17,1
2,8263,1,12,1
2,2603,1,6,4
2,37,1,7,0
2,1717,2,1,4
2,816,1,3,3
2,6320,1,22,3
2,10821,1,15,1
2,5594,1,9,3
2,5392,2,1,2
2,8,2,1,2
2,2914,1,9,36
2,1675,1,3,0
2,6545,1,14,3
2,81,1,2,4
2,10490,2,1,4
2,6122,1,3,1
2,7757,2,1,1
2,7843,1,7,2
2,1334,1,3,1
2,4983,1,13,2
2,814,1,10,4
2,11260,2,1,1
2,7018,1,13,49
2,239,2,1,1
2,174,1,23,5
2,298,1,11,1
2,2554,2,1,2
2,2687,2,1,2
2,6381,1,3,2
2,8933,1,3,3
2,6360,1,13,1
2,10637,2,4,2
2,17,2,1,1
2,6385,2,1,1
2,11030,2,1,2
2,11090,2,1,1
2,7046,1,3,1
2,1741,1,7,0
2,8192,1,15,0
2,3999,1,3,1
2,73,1,6,4
2,1299,1,5,4
2,6719,1,6,1
2,2685,2,2,7
2,6606,1,3,0
2,46,1,36,2
2,3737,1,3,0
2,3967,1,4,5
2,6813,2,1,1
2,8874,1,4,1
2,668,1,8,7
2,1833,1,3,4
2,2041,2,2,2
2,3602,2,2,3
2,10721,2,1,1
2,11021,2,18,1
2,199,2,1,1
2,286,2,1,21
2,3561,2,1,55
2,4565,2,1,8
2,5646,2,1,9
2,6461,2,1,12
2,7756,1,3,2
2,8472,1,3,4
2,5388,1,3,4
2,3112,1,3,2
2,88,2,2,2
2,11427,1,3,0
2,1455,1,3,0
2,10455,1,3,1
2,8750,1,3,1
2,127,2,1,2
2,8052,1,9,1
2,9026,1,15,0
2,3388,1,9,2
2,10771,1,4,1
2,7853,1,8,1
2,5739,2,1,1
2,18,1,4,2
2,3254,2,1,1
2,6356,1,3,1
2,7908,1,3,1
2,3447,1,4,2
2,1852,3,1,7
2,10466,1,3,2
2,11423,2,2,4
2,7515,1,31,3
2,721,2,1,4
2,5459,2,1,17
3,2548,1,7,16
3,8,3,1,2
3,2686,1,20,6
3,7138,1,23,2
3,2905,1,4,0
3,385,1,4,1
3,1270,2,1,1
3,2603,2,1,2
3,1744,1,19,1
3,3066,1,5,0
3,7015,2,2,2
3,6755,1,4,1
3,8143,1,3,1
3,4230,1,4,3
3,3148,2,2,2
3,6580,2,3,0
3,685,1,17,2
3,8959,1,26,2
3,5384,2,14,3
3,3850,1,19,2
3,5691,1,4,1
3,1760,2,9,3
3,7725,1,16,3
3,2917,2,2,4
3,6388,2,2,1
3,7915,2,2,2
3,816,2,1,3
3,7843,2,1,2
3,11028,2,1,1
3,3344,1,29,3
3,6406,1,4,1
3,3559,1,16,0
3,6852,2,54,2
3,1312,1,9,1
3,3215,2,2,4
3,8415,1,4,1
3,10947,1,5,1
3,3912,1,4,2
3,1901,2,3,1
3,5673,2,2,2
3,297,1,4,11
3,1843,2,5,0
3,5418,1,4,2
3,1755,2,2,17
3,5424,2,1,0
3,6762,2,18,3
3,8196,3,2,2
3,8472,2,1,1
3,5650,1,11,2
3,11042,1,7,2
3,5746,1,6,2
3,237,1,20,6
3,11383,1,25,1
3,6463,2,2,1
3,8933,2,1,1
3,1239,1,4,55
3,4005,2,2,1
3,32,2,2,1
3,50,2,1,2
3,68,2,1,1
3,293,2,2,46
3,1673,2,2,19
3,3450,2,2,2
3,10821,2,1,1
3,6453,2,2,8
3,592,2,1,1
3,1503,2,1,1
3,11015,2,2,1
3,286,3,1,21
3,3967,2,1,6
3,7018,2,1,47
3,11589,1,9,2
3,6679,1,4,3
3,6223,1,8,1
3,9,1,4,1
3,80,1,5,1
3,73,2,1,2
3,4201,1,4,2
3,11397,1,14,0
3,1335,1,4,1
3,803,1,4,1
3,6192,1,13,1
3,111,1,25,2
3,29,2,14,1
3,18,2,1,2
3,88,3,1,3
3,46,2,1,2
3,5739,3,1,1
3,3320,1,4,6
3,7281,1,4,1
3,3254,3,1,0
3,6301,1,4,2
3,11235,1,4,0
3,5551,1,8,5
3,10725,1,10,2
3,25,1,6,0
3,4738,1,13,1
3,5006,1,12,5
3,378,1,4,1
3,5676,1,4,2
3,8074,1,11,1
3,3493,1,26,4
3,271,2,2,4
3,1453,1,5,1
3,577,2,1,3
3,4637,1,19,2
3,1103,1,4,2
3,47,2,6,1
3,1225,1,42,5
3,8210,1,8,3
3,299,1,32,1
3,8264,1,109,0
3,10656,1,77,1
3,234,1,39,1
3,3676,2,54,2
4,6859,1,19,3
4,7543,2,75,2
4,10796,2,2,2
4,302,2,2,2
4,2033,2,2,1
4,4969,2,3,4
4,10780,1,16,0
4,7586,1,32,3
4,2905,2,1,1
4,2588,2,5,3
4,2603,3,14,2
4,26,1,18,2
4,2828,1,14,4
4,5413,2,2,2
4,131,1,6,1
4,1280,1,4,3
4,4738,2,1,1
4,27,1,35,0
4,2554,3,2,3
4,8469,1,5,1
4,7925,2,5,1
4,3932,1,10,8
4,10490,3,1,5
4,814,2,2,4
4,4231,2,2,2
4,6356,2,1,2
4,6385,3,3,2
4,3850,2,1,1
4,7915,3,1,2
4,11028,3,1,1
4,701,1,21,71
4,6320,2,7,3
4,8160,1,6,2
4,693,1,9,2
4,6140,1,8,0
4,4000,1,19,8
4,6719,2,1,0
4,3940,2,4,1
4,568,2,4,5
4,3491,2,16,4
4,517,1,5,1
4,3303,2,2,4
4,1299,2,3,4
4,3302,1,14,1
4,24,1,8,2
4,8761,2,18,0
4,8196,4,1,2
4,11563,1,5,1
4,10914,2,13,0
4,786,3,2,4
4,10643,2,3,0
4,6459,2,3,0
4,6463,3,1,2
4,16,2,8,0
4,71,2,27,5
4,2041,3,2,1
4,1334,2,21,1
4,3480,2,42,2
4,1221,2,2,2
4,6922,2,17,5
4,10561,2,3,1
4,199,3,2,1
4,174,2,2,7
4,6654,2,1,0
4,5673,3,1,2
4,2914,2,2,32
4,3464,2,1,3
4,6484,2,1,2
4,6755,2,1,2
4,8052,2,1,1
4,11277,2,1,1
4,103,2,1,1
4,5646,3,2,12
4,3669,2,1,0
4,293,3,1,40
4,297,2,1,9
4,2548,2,1,10
4,3967,3,1,7
4,50,3,1,1
4,5691,2,1,1
4,6251,2,3,1
4,8743,1,10,3
4,4130,2,6,1
4,3343,2,2,1
4,9,2,5,1
4,11351,2,2,4
4,8001,1,6,0
4,852,2,4,5
4,7770,1,73,0
4,226,1,12,5
4,2841,1,123,1
4,5378,1,24,4
4,1706,1,19,2
4,38,2,9,1
4,160,2,3,1
4,1742,2,5,1
4,18,3,1,2
4,6200,2,7,1
4,1201,1,6,3
4,10318,2,6,1
4,2856,1,31,6
4,6681,1,19,1
4,497,2,1,1
4,1455,2,1,1
4,721,3,2,5
4,2477,2,7,0
4,3339,2,10,2
4,1691,1,13,1
4,4657,1,26,1
4,559,1,26,0
4,4,1,18,1
4,11422,2,8,1
4,6735,1,76,1
4,7377,1,8,1
4,1323,1,59,1
4,1273,1,31,3
4,6805,2,34,5
4,5427,2,60,2
4,1680,1,13,3
5,1938,1,5,1
5,1270,3,4,2
5,6327,1,15,6
5,3599,2,3,1
5,5388,2,1,4
5,1849,2,5,7
5,4694,1,29,1
5,3148,3,2,2
5,7922,1,26,7
5,7017,1,6,2
5,3582,2,3,1
5,6988,2,14,0
5,9430,2,4,0
5,11260,3,7,2
5,8578,2,4,1
5,5409,1,13,3
5,2687,3,15,2
5,1325,1,9,1
5,87,2,5,1
5,3737,2,7,0
5,816,3,2,2
5,7046,2,6,0
5,7843,3,2,1
5,11090,3,17,0
5,10513,2,18,1
5,8608,1,40,2
5,8175,1,36,2
5,7192,1,21,0
5,4557,1,9,4
5,5641,1,34,1
5,11078,1,9,2
5,5620,2,25,1
5,8761,3,1,1
5,3302,2,1,1
5,3300,1,7,14
5,8271,1,10,1
5,7,1,6,1
5,93,3,8,4
5,48,2,4,3
5,33,2,4,2
5,1324,2,3,1
5,3847,2,4,6
5,1761,2,3,1
5,298,2,3,2
5,10437,2,4,2
5,2493,2,2,1
5,668,2,3,11
5,1299,3,1,4
5,3303,3,16,2
5,3549,2,17,6
5,4293,2,2,1
5,6580,3,2,1
5,8074,2,1,1
5,11427,2,2,1
5,4565,3,4,8
5,3559,2,3,1
5,803,2,1,2
5,2041,4,1,1
5,3850,3,1,1
5,4637,2,1,1
5,7138,2,1,2
5,1239,2,2,55
5,11563,2,1,2
5,1755,3,1,13
5,3450,3,3,1
5,5384,3,1,3
5,71,3,1,3
5,174,3,1,5
5,293,4,1,36
5,297,3,1,10
5,568,3,1,6
5,7018,3,1,52
5,1,2,5,51
5,6461,3,7,12
5,11039,2,4,3
5,11154,1,13,0
5,73,3,1,3
5,6570,1,49,1
5,8041,1,7,1
5,226,2,2,3
5,210,2,33,2
5,7066,2,54,2
5,38,3,1,3
5,1706,2,1,1
5,3676,3,1,3
5,10318,3,1,1
5,34,1,10,1
5,600,1,16,5
5,714,1,6,1
5,3339,3,1,2
5,5719,1,64,1
5,7569,1,36,1
5,8209,2,17,3
5,1309,1,6,1
5,6681,2,1,2
5,267,2,31,2
5,8933,3,1,4
5,11290,1,51,0
5,9026,2,1,1
5,2841,2,1,1
5,1206,1,83,1
5,302,3,21,1
5,114,1,37,3
5,10994,2,32,3
5,6705,2,50,2
5,4738,3,1,1
6,2767,2,6,2
6,8160,2,2,1
6,854,2,2,1
6,549,1,68,2
6,6541,1,22,1
6,4983,2,4,2
6,3739,2,28,2
6,49,2,7,1
6,11030,3,31,2
6,7992,2,2,0
6,3128,1,49,2
6,6388,3,9,2
6,6510,1,61,1
6,3301,1,12,0
6,6679,2,2,2
6,1853,1,10,3
6,6467,1,11,4
6,11492,1,10,1
6,5548,2,148,2
6,7462,1,25,0
6,6327,2,1,4
6,6813,3,6,4
6,8228,1,30,1
6,5594,2,4,4
6,6172,1,13,8
6,209,2,4,4
6,3479,2,11,2
6,11383,2,9,1
6,37,2,9,1
6,6113,2,8,5
6,1833,2,13,6
6,2685,3,4,9
6,5673,4,2,2
6,7473,2,3,3
6,7599,3,19,2
6,5666,2,3,1
6,3464,3,2,3
6,6484,3,2,3
6,3940,3,14,1
6,6755,3,2,2
6,3561,3,4,60
6,32,3,10,1
6,3737,3,1,1
6,10914,3,1,1
6,1335,2,4,1
6,3343,3,1,2
6,3951,3,2,7
6,7192,2,1,0
6,7725,2,5,1
6,87,3,1,2
6,816,4,1,2
6,4694,2,1,2
6,6223,2,1,2
6,6385,4,1,2
6,6859,2,1,3
6,7925,3,1,1
6,11090,4,1,1
6,4969,3,1,1
6,3967,4,2,7
6,5006,2,2,3
6,5646,4,2,11
6,3669,3,1,0
6,6793,1,27,0
6,3354,1,12,3
6,3794,1,9,1
6,5568,1,184,0
6,10455,2,3,1
6,1326,1,50,1
6,1275,1,10,2
6,4713,1,20,2
6,6660,1,38,4
6,88,4,3,3
6,38,4,1,2
6,3676,4,1,3
6,11039,3,1,2
6,145,2,43,39
6,8263,2,4,1
6,1503,3,17,2
6,497,3,1,1
6,721,4,2,4
6,1455,3,1,0
6,4191,2,34,1
6,5641,2,2,2
6,55,1,48,1
6,6509,2,7,2
6,271,3,2,3
6,8175,2,15,1
6,6681,3,275,2
6,1717,3,47,4
6,6770,1,90,0
6,1103,2,13,3
6,5424,3,4,3
6,8527,1,235,1
6,5746,2,13,1
6,1653,1,76,3
6,224,2,15,1
6,679,2,57,1
6,11232,1,108,1
6,2905,3,84,1
6,7314,1,30,2
6,4129,1,12,1
7,5377,3,15,4
7,6669,1,16,1
7,10609,1,39,1
7,2554,4,7,2
7,9396,1,8,1
7,7016,1,12,3
7,5549,1,10,2
7,7018,4,1,44
7,81,2,5,4
7,10637,3,37,2
7,10349,2,31,0
7,10311,1,27,1
7,8143,2,4,1
7,8750,2,22,1
7,6696,1,61,3
7,11042,2,7,1
7,6327,3,1,4
7,5548,3,1,1
7,5378,2,2,2
7,6,1,27,0
7,1280,2,4,2
7,6463,4,2,2
7,3,2,6,1
7,3758,2,16,0
7,6570,2,1,1
7,11383,3,1,1
7,10821,3,6,1
7,37,3,1,1
7,298,3,1,1
7,1453,2,6,1
7,7915,4,12,2
7,11060,2,44,0
7,7853,2,16,1
7,6606,2,3,1
7,4293,3,2,0
7,11427,3,4,0
7,11277,3,5,0
7,11589,2,3,1
7,11423,3,9,2
7,3447,2,3,2
7,4005,3,4,3
7,5650,2,3,2
7,5676,2,3,2
7,10771,2,3,1
7,1673,3,25,22
7,3491,3,3,5
7,3320,2,21,9
7,5388,3,1,4
7,1755,4,2,19
7,209,3,1,3
7,5620,3,1,1
7,199,4,3,1
7,8160,3,1,1
7,3493,2,2,3
7,7046,3,2,1
7,7281,2,2,1
7,3850,4,16,2
7,49,3,1,1
7,816,5,1,2
7,3739,3,1,2
7,4694,3,1,1
7,6223,3,1,2
7,6541,2,1,1
7,27,2,10,1
7,2548,3,3,15
7,11235,2,2,0
7,1761,3,2,2
7,52,1,14,1
7,9,3,2,1
7,11563,3,1,1
7,127,3,5,3
7,424,1,12,0
7,8966,1,21,2
7,225,2,7,1
7,7066,3,1,3
7,217,2,20,0
7,1312,2,4,0
7,18,4,3,1
7,26,2,3,1
7,1201,2,2,1
7,7050,2,54,1
7,47,3,1,1
7,104,1,27,2
7,132,1,46,2
7,3360,1,25,2
7,10466,2,6,1
7,8543,1,52,3
7,41,1,37,1
7,2711,1,10,3
7,6730,1,67,1
7,1136,2,90,3
7,267,3,16,2
7,7657,1,133,3
7,5392,3,4,2
7,9026,3,1,0
7,5427,3,5,2
7,6705,3,3,2
7,10482,1,24,2
7,2840,2,125,2
7,2841,3,1,0
7,6851,2,127,1
7,8,4,49,2
7,4017,1,32,1
7,224,3,1,1
7,5583,2,29,3
7,7570,2,7,1
7,2041,5,1,1
7,7017,2,1,2
8,814,3,22,4
8,8237,1,21,1
8,8761,4,10,1
8,3305,2,13,3
8,13,2,9,2
8,8472,3,4,3
8,7,2,2,1
8,5459,3,15,17
8,6681,4,1,1
8,2027,2,25,0
8,6683,2,5,1
8,2902,2,16,1
8,3602,3,13,3
8,4004,2,8,4
8,6755,4,1,0
8,1680,2,3,2
8,568,4,1,6
8,714,2,1,2
8,2685,4,1,7
8,3549,3,1,7
8,1,3,2,58
8,45,2,42,1
8,292,2,6,1
8,7543,3,17,2
8,6122,2,5,1
8,5078,2,5,1
8,7757,3,5,3
8,10721,3,5,3
8,25,2,2,2
8,131,2,5,2
8,11293,2,37,1
8,1852,4,25,7
8,7586,2,4,2
8,685,2,6,4
8,1741,2,19,3
8,3254,4,24,0
8,2828,2,14,6
8,1273,2,2,2
8,3491,4,2,7
8,3300,2,3,16
8,6453,3,14,12
8,559,2,3,2
8,7843,4,3,2
8,10513,3,8,2
8,81,3,1,1
8,3493,3,1,3
8,3739,4,1,1
8,4694,4,1,1
8,10796,3,10,2
8,93,4,11,5
8,2033,3,1,1
8,3932,2,5,8
8,3794,2,1,1
8,10561,3,4,1
8,3999,2,11,1
8,1206,2,4,1
8,9,4,3,1
8,88,5,1,2
8,5719,2,2,1
8,1785,1,29,2
8,101,1,10,1
8,8831,1,59,1
8,11351,3,24,3
8,3112,2,66,1
8,29,3,8,0
8,7016,2,1,3
8,18,5,1,1
8,24,2,4,2
8,160,3,5,1
8,6510,2,2,2
8,1706,3,6,1
8,7192,3,2,2
8,4,2,18,1
8,11095,1,184,3
8,6509,3,2,4
8,7806,1,33,1
8,1103,3,1,1
8,5392,4,1,1
8,6443,1,27,1
8,3749,1,19,1
8,2588,3,7,3
8,3344,2,21,3
8,5378,3,4,1
8,5551,2,23,5
8,7333,1,38,2
8,6545,2,81,2
8,239,3,36,1
8,1249,1,97,1
8,7474,1,32,6
8,3463,1,112,1
8,6433,1,60,1
8,11134,2,74,1
8,2554,5,2,1
8,4713,2,3,2
8,144,2,20,2
8,17,3,21,1
8,8063,2,17,1
8,1113,2,88,1
8,6360,2,37,1
8,6381,2,29,2
8,8041,2,23,2
9,6770,2,1,2
9,6327,4,2,5
9,6813,4,4,4
9,8196,5,10,1
9,786,4,4,3
9,48,3,2,2
9,6406,2,1,1
9,1833,3,2,7
9,3450,4,2,3
9,3464,4,1,2
9,3561,4,2,68
9,3847,3,2,11
9,5006,3,2,5
9,10821,4,1,1
9,11154,2,1,1
9,11235,3,1,1
9,7018,5,2,53
9,7725,3,2,2
9,1329,2,9,0
9,6805,3,4,3
9,3480,3,5,2
9,5727,2,9,4
9,1453,3,1,1
9,3066,2,13,2
9,7015,3,7,2
9,10947,2,13,1
9,1221,3,26,0
9,8074,3,4,0
9,3559,3,3,1
9,1334,3,6,1
9,517,2,5,3
9,1324,3,37,0
9,1901,3,5,2
9,3301,2,2,1
9,3215,3,3,4
9,3303,4,3,3
9,2828,3,1,5
9,3951,4,2,7
9,80,2,4,1
9,8874,2,14,1
9,10349,3,9,1
9,6388,4,4,1
9,7992,3,1,2
9,1280,3,6,3
9,7281,3,2,1
9,7314,2,2,2
9,8750,3,2,2
9,8143,3,11,1
9,4694,5,1,1
9,10780,2,5,1
9,8001,2,20,2
9,8578,3,9,1
9,11232,2,3,1
9,7473,3,3,3
9,6719,3,6,1
9,5691,3,5,0
9,4000,2,16,9
9,6350,2,19,1
9,4130,3,10,1
9,2548,4,1,13
9,1206,3,1,1
9,11095,2,1,1
9,1740,1,24,32
9,88,6,1,1
9,685,3,1,3
9,10902,1,19,1
9,226,3,3,4
9,8918,1,15,3
9,127,4,4,2
9,6411,2,87,1
9,11268,1,24,1
9,38,5,2,2
9,1225,2,5,8
9,18,6,1,1
9,297,4,4,11
9,41,2,1,0
9,6510,3,17,2
9,5739,4,12,0
9,7192,4,1,1
9,424,2,4,1
9,3112,3,1,1
9,803,3,4,2
9,2477,3,158,1
9,577,3,4,6
9,1938,2,4,1
9,1136,3,2,3
9,234,2,25,2
9,5392,5,5,1
9,400,2,49,2
9,104,2,2,3
9,6851,3,2,0
9,2841,4,1,1
9,2840,3,198,2
9,2588,4,1,2
9,702,1,36,13
9,2603,4,38,4
9,224,4,1,0
9,5511,1,36,4
9,2381,1,86,4
9,1691,2,76,2
9,3701,1,68,4
9,10851,2,54,0
9,239,4,18,1
9,2687,4,49,2
9,2497,1,28,16
9,6410,2,17,2
9,5400,1,37,5
9,1744,2,17,1
10,1785,2,1,1
10,2902,3,1,1
10,4004,3,1,3
10,6770,3,1,2
10,6470,1,31,0
10,6878,2,17,1
10,3352,1,43,4
10,668,3,4,9
10,7,3,2,0
10,7922,2,4,4
10,32,4,3,2
10,2497,2,1,1
10,298,4,2,3
10,6654,3,2,1
10,2041,6,2,3
10,45,3,1,1
10,293,5,3,45
10,1312,3,1,1
10,3479,3,4,2
10,8966,2,2,2
10,11589,3,2,1
10,4565,4,3,6
10,5646,5,4,12
10,3669,4,2,0
10,160,4,1,0
10,6172,2,3,6
10,2767,3,2,3
10,6606,3,5,1
10,291,2,11,0
10,6570,3,20,1
10,11383,4,15,1
10,9396,2,3,1
10,1503,4,4,2
10,4231,3,13,3
10,10643,3,8,1
10,8052,3,16,1
10,3912,2,22,3
10,1323,2,6,0
10,8237,2,4,0
10,3301,3,1,1
10,209,4,3,3
10,5459,4,1,14
10,5388,4,2,4
10,5424,4,2,3
10,8472,4,2,2
10,3254,5,2,1
10,1741,3,2,2
10,2685,5,2,8
10,3491,5,1,7
10,7756,2,21,3
10,8210,2,11,4
10,11028,4,9,2
10,10349,4,2,1
10,49,4,3,1
10,7915,5,3,3
10,814,4,2,4
10,3493,4,2,4
10,2711,2,2,4
10,3739,5,2,3
10,7843,5,17,2
10,4694,6,1,1
10,7474,2,1,4
10,8063,3,1,1
10,701,2,13,62
10,10994,3,5,1
10,6320,3,9,3
10,5641,3,2,1
10,8578,4,1,1
10,6301,2,18,1
10,6922,3,6,6
10,3794,3,3,0
10,11015,3,8,1
10,6251,3,12,1
10,77,1,15,0
10,10455,3,45,0
10,5653,1,122,2
10,1335,3,1,1
10,11563,4,2,1
10,3388,2,8,1
10,46,3,9,0
10,111,2,9,0
10,237,2,8,3
10,3354,2,6,1
10,145,3,1,27
10,255,1,15,1
10,159,2,17,1
10,378,2,8,1
10,3339,4,5,1
10,3909,2,13,1
10,5723,1,45,1
10,852,3,4,4
10,10482,2,10,2
10,7657,2,12,3
10,5392,6,1,1
10,302,4,3,2
10,5377,4,4,1
10,7260,1,46,2
10,2905,4,7,1
10,10656,2,56,0
10,5683,1,29,4
10,5696,1,115,9
10,3333,1,71,11
10,5583,3,2,2
10,4738,4,79,0
11,6669,2,63,1
11,4129,2,5,2
11,7138,3,5,1
11,10680,2,44,1
11,6356,3,85,1
11,8415,2,140,1
11,7017,3,2,2
11,7333,2,2,3
11,2902,4,1,1
11,1853,2,115,3
11,8820,2,29,2
11,297,5,1,7
11,2548,5,1,10
11,1833,4,1,6
11,5006,4,1,4
11,5691,4,1,1
11,10561,4,1,1
11,4657,2,3,2
11,2493,3,4,2
11,1852,5,1,5
11,292,3,2,0
11,6755,5,3,3
11,6467,2,4,5
11,10437,3,9,2
11,8160,4,3,1
11,11039,4,18,3
11,2915,2,24,1
11,3789,2,16,0
11,1667,2,14,2
11,3527,2,24,1
11,592,3,30,1
11,11383,5,1,1
11,1453,4,1,1
11,10915,2,6,1
11,4766,2,12,6
11,1299,4,5,3
11,5424,5,1,2
11,209,5,1,2
11,1741,4,1,2
11,3951,5,1,7
11,3352,2,1,4
11,8874,3,2,1
11,87,4,6,0
11,6385,5,15,0
11,11030,4,14,1
11,6859,3,7,1
11,7925,4,8,0
11,6541,3,34,0
11,6223,4,18,0
11,7046,4,35,0
11,80,3,2,0
11,6388,5,2,0
11,6381,3,2,0
11,7314,3,2,1
11,6484,4,6,3
11,4969,4,5,4
11,55,2,2,1
11,3701,2,1,4
11,9396,3,1,1
11,10725,2,7,3
11,2553,1,19,3
11,1206,4,2,1
11,7377,2,23,1
11,101,2,3,1
11,10838,1,32,3
11,11690,1,60,1
11,3676,5,43,2
11,4201,2,9,0
11,600,2,5,3
11,24,3,3,0
11,693,2,8,0
11,1201,3,5,2
11,11078,2,13,1
11,4,3,4,1
11,11422,3,7,2
11,7192,5,2,0
11,1455,4,5,1
11,255,2,1,1
11,5588,1,48,2
11,577,4,1,7
11,8831,2,3,0
11,8209,3,9,1
11,10815,1,44,2
11,5427,4,20,2
11,6705,4,14,3
11,2840,4,2,3
11,6730,2,4,1
11,1849,3,12,13
11,679,3,72,1
11,7927,1,73,2
11,10562,2,30,2
11,6545,3,3,2
11,2905,5,1,1
11,11260,4,30,1
11,1691,3,2,1
11,196,1,40,1
11,26,3,1,1
11,5719,3,1,1
11,2711,3,1,2
11,8052,4,1,2
11,10643,4,1,1
11,6770,4,1,1
12,6735,2,26,0
12,8761,5,8,1
12,6762,3,16,2
12,5594,3,13,6
12,8933,4,29,4
12,8743,2,7,2
12,1324,4,1,1
12,1329,3,1,1
12,1335,4,1,2
12,226,4,1,2
12,3450,5,2,3
12,3360,2,2,3
12,3464,5,1,1
12,7015,4,1,2
12,8074,4,1,1
12,10947,3,1,2
12,10994,4,1,2
12,11134,3,1,2
12,6453,4,2,11
12,6470,2,1,1
12,11154,3,1,1
12,8160,5,1,1
12,7018,6,2,45
12,5691,5,1,1
12,6172,3,1,10
12,1,4,4,53
12,33,3,5,3
12,3758,3,6,2
12,2493,4,1,2
12,298,5,3,3
12,50,4,4,1
12,217,3,11,3
12,7066,4,4,3
12,2856,2,5,3
12,5666,3,7,1
12,11277,4,4,1
12,7853,3,5,2
12,6251,4,2,2
12,6113,3,5,6
12,4200,2,53,12
12,7170,2,111,14
12,3737,4,57,1
12,6580,4,8,1
12,1273,3,4,2
12,6805,4,33,2
12,1901,4,3,2
12,2828,4,3,6
12,2603,5,1,2
12,2588,5,1,1
12,5377,5,2,2
12,209,6,1,3
12,1741,5,1,2
12,816,6,6,4
12,81,4,4,4
12,559,3,4,2
12,6327,5,3,5
12,8175,3,3,1
12,7281,4,7,1
12,3582,3,19,1
12,8001,3,4,1
12,7473,4,3,3
12,7543,4,7,3
12,7599,4,9,1
12,73,4,48,4
12,6411,3,14,1
12,7016,3,18,3
12,6122,3,3,1
12,497,4,101,1
12,11422,4,1,3
12,255,3,1,1
12,721,5,9,6
12,271,4,25,3
12,1309,2,41,1
12,6683,3,13,2
12,1717,4,8,4
12,8469,2,8,1
12,385,2,79,1
12,3909,3,2,2
12,302,5,8,2
12,1653,2,23,2
12,2840,5,17,1
12,786,5,2,2
12,3344,3,5,3
12,8271,2,42,1
12,8297,1,38,4
12,8608,2,30,2
12,5551,3,24,3
12,2686,2,76,7
12,378,3,1,1
12,1136,4,2,4
12,2381,2,4,4
12,1691,4,1,1
12,7806,2,5,1
12,93,5,20,4
12,5650,3,21,2
12,3447,3,20,1
12,3463,2,22,1
12,549,2,110,2
12,4592,2,104,1
12,11351,4,2,4
12,3739,6,2,3
12,3912,3,2,3
12,4231,4,2,2
12,513,1,70,6
12,11042,3,36,0
12,7176,1,33,1
12,10771,3,29,2
12,4713,3,24,2
12,18,7,1,1
12,88,7,1,3
12,111,3,1,2
12,237,3,1,5
12,10680,3,1,1
12,11078,3,1,2
13,668,4,4,12
13,1667,3,1,1
13,3464,6,1,1
13,3847,4,7,10
13,6719,4,2,1
13,7927,2,1,1
13,7474,3,3,7
13,4738,5,1,0
13,10851,3,3,0
13,11235,4,12,1
13,32,5,2,1
13,4694,7,1,1
13,5588,2,1,2
13,6859,4,1,3
13,10902,2,1,1
13,4565,5,2,10
13,5006,5,2,5
13,5723,2,2,1
13,6922,4,2,4
13,7756,3,2,2
13,34,2,6,1
13,5653,2,1,1
13,2687,5,1,2
13,71,4,6,7
13,4657,3,2,0
13,68,3,5,1
13,16,3,6,1
13,11427,4,28,1
13,7586,3,6,2
13,6461,4,6,14
13,9430,3,22,1
13,5957,2,27,0
13,299,2,8,1
13,8047,2,37,3
13,8192,2,42,1
13,6459,3,49,1
13,3559,4,53,0
13,1836,2,25,1
13,3301,4,1,1
13,1273,4,1,2
13,1741,6,1,3
13,1901,5,1,2
13,4200,3,1,11
13,6172,4,1,10
13,3951,6,2,9
13,8820,3,2,2
13,8743,3,9,2
13,3549,4,8,8
13,8264,2,9,1
13,4637,3,19,2
13,3850,5,20,2
13,8750,4,4,1
13,8143,4,4,3
13,2033,4,5,1
13,3066,3,4,1
13,10466,3,5,3
13,3999,3,15,1
13,6356,4,19,2
13,3940,4,26,2
13,2572,1,73,2
13,6192,2,28,2
13,6510,4,27,2
13,7276,1,29,3
13,424,3,107,0
13,2477,4,196,0
13,7657,3,3,2
13,234,3,25,3
13,5392,7,2,2
13,6705,5,1,2
13,302,6,2,2
13,786,6,1,1
13,8387,1,122,0
13,3339,5,3,0
13,11268,2,8,2
13,8933,5,1,4
13,3128,2,17,2
13,11110,2,98,1
13,4230,2,48,3
13,10609,2,32,2
13,3602,4,23,2
13,4017,2,31,1
13,549,3,1,2
13,5719,4,1,1
13,2150,1,64,4
13,7138,4,4,2
13,10643,5,1,1
13,6679,3,28,0
13,7843,6,26,2
13,5511,2,46,4
13,132,2,61,0
13,6813,5,44,4
13,26,4,2,2
13,46,4,9,2
13,159,3,1,1
13,7192,6,1,1
13,3112,4,2,1
13,145,4,3,29
13,5739,5,25,1
13,5666,4,1,1
13,7853,4,1,2
14,3749,2,16,1
14,2767,4,3,4
14,8160,6,1,1
14,3847,5,1,10
14,513,2,1,2
14,50,5,2,2
14,297,6,3,15
14,80,4,2,1
14,10656,3,1,1
14,4592,3,1,2
14,5588,3,1,2
14,10437,4,1,1
14,7474,4,1,3
14,1833,5,3,7
14,27,3,2,1
14,10994,5,2,4
14,5683,2,3,8
14,2497,3,3,20
14,4713,4,1,1
14,2915,3,2,0
14,6654,4,3,1
14,11154,4,1,1
14,298,6,6,2
14,6660,2,6,5
14,11060,3,8,1
14,6251,5,1,2
14,6570,4,9,0
14,3343,4,9,0
14,11021,3,47,2
14,5388,5,4,5
14,1800,2,56,11
14,1299,5,3,5
14,3254,6,4,1
14,1755,5,19,18
14,5551,4,1,3
14,224,5,1,1
14,6113,4,2,6
14,8761,6,1,1
14,6762,4,2,1
14,3300,3,24,19
14,3302,3,32,1
14,11290,2,11,2
14,2917,3,23,6
14,8415,3,21,1
14,11090,5,29,2
14,144,3,14,3
14,8578,5,4,1
14,55,3,4,0
14,5409,2,34,5
14,8001,4,4,2
14,103,3,19,1
14,6320,4,7,3
14,1206,5,11,1
14,3940,5,1,1
14,8251,1,66,5
14,1503,5,6,1
14,1455,5,11,1
14,11260,5,2,1
14,5549,2,14,1
14,721,6,3,6
14,2841,5,9,0
14,104,3,10,3
14,3909,4,1,2
14,8263,3,12,0
14,5746,3,27,2
14,3148,4,204,1
14,8933,6,1,3
14,2381,3,1,2
14,4005,4,24,2
14,2647,2,51,1
14,239,5,128,0
14,10490,4,72,4
14,2902,5,7,1
14,852,4,2,5
14,3447,4,2,2
14,6459,4,1,1
14,6770,5,1,1
14,4926,2,49,3
14,22,2,72,0
14,6,2,38,0
14,160,5,5,1
14,1312,4,19,1
14,3388,3,3,2
14,1673,4,12,25
14,10915,3,14,1
14,3464,7,2,3
14,6122,4,2,2
14,7570,3,13,0
14,10947,4,18,3
14,2150,2,1,3
14,8264,3,1,1
15,8143,5,1,3
15,8750,5,1,1
15,10780,3,3,2
15,2548,6,4,16
15,6545,4,4,2
15,7018,7,3,52
15,11110,3,1,0
15,2493,5,23,1
15,6654,5,12,1
15,1852,6,4,10
15,11293,3,2,0
15,52,2,7,1
15,10821,5,5,1
15,1675,2,49,0
15,7462,2,39,0
15,3506,3,42,2
15,6988,3,33,0
15,37,4,35,1
15,6793,2,8,0
15,7176,2,11,1
15,5424,6,3,2
15,6805,5,2,4
15,517,3,6,2
15,568,5,25,7
15,3344,4,2,3
15,5551,5,1,1
15,8297,2,1,2
15,2840,6,1,1
15,1653,3,2,2
15,702,2,16,11
15,1836,3,2,2
15,8387,2,1,1
15,6461,5,2,14
15,5400,2,6,6
15,3352,3,6,4
15,17,4,12,1
15,2033,5,2,1
15,6360,3,35,1
15,1280,4,16,2
15,3066,4,2,1
15,7599,5,2,2
15,7473,5,2,4
15,9396,4,4,1
15,5050,2,52,6
15,3999,4,2,0
15,7908,2,138,1
15,10318,4,46,0
15,10261,1,95,2
15,6510,5,2,1
15,1309,3,1,1
15,1717,5,2,3
15,6681,5,38,1
15,2477,5,1,0
15,7212,1,60,0
15,6509,4,27,3
15,854,3,30,2
15,7543,5,4,1
15,1225,3,11,10
15,5392,8,2,2
15,194,1,81,1
15,255,4,7,0
15,4191,3,13,1
15,6705,6,10,1
15,8,5,28,2
15,302,7,39,2
15,7276,2,2,3
15,8209,4,39,3
15,1270,4,64,1
15,7050,3,77,0
15,1706,4,25,1
15,4983,3,56,2
15,8041,3,16,2
15,26,5,1,1
15,803,4,24,2
15,2041,7,13,3
15,1691,5,2,1
15,2572,2,2,1
15,2902,6,1,1
15,4005,5,1,3
15,11021,4,2,1
15,815,1,56,3
15,4713,5,1,1
15,5594,4,2,5
15,3305,3,93,1
15,6878,3,53,1
15,6327,6,3,5
15,5957,3,1,1
15,5413,3,45,2
15,297,7,1,11
15,1833,6,1,8
15,3749,3,1,1
15,3847,6,1,8
15,5006,6,1,5
15,7756,4,1,1
15,29,4,4,1
15,24,4,6,2
15,1201,4,5,3
15,1323,3,20,1
15,199,5,9,1
15,1329,4,12,0
15,1335,5,10,1
15,1324,5,14,0
15,1740,2,35,31
15,7757,4,11,3
15,6755,6,10,2
15,11277,5,11,1
15,6719,5,1,1
15,4000,3,37,10
15,6443,2,28,0
15,292,4,6,1
15,7725,4,22,4
15,45,4,8,1
15,87,5,9,2
15,6388,6,26,1
15,41,3,44,0
15,1744,3,36,1
15,3737,5,36,1
15,6541,4,97,1
15,293,6,24,37
16,7314,4,58,2
16,7281,5,10,1
16,559,4,85,1
16,7925,5,35,1
16,46,5,11,2
16,8160,7,97,2
16,4592,4,15,1
16,7570,4,1,1
16,701,3,5,73
16,2647,3,1,0
16,2685,6,5,9
16,3480,4,4,2
16,5646,6,6,11
16,3794,4,5,1
16,6301,3,6,1
16,11015,4,7,1
16,11423,4,13,4
16,10851,4,4,0
16,2767,5,2,1
16,25,3,26,0
16,5653,3,50,1
16,299,3,2,1
16,4293,4,16,1
16,225,3,9,2
16,6350,3,19,2
16,6140,2,41,1
16,1273,5,4,3
16,3254,7,2,1
16,224,6,1,1
16,5377,6,4,3
16,1836,4,1,2
16,6669,3,5,1
16,6813,6,2,3
16,8820,4,14,2
16,7992,4,6,2
16,3066,5,1,1
16,3582,4,4,2
16,6852,3,16,1
16,5496,1,77,4
16,11563,5,10,1
16,10311,2,21,0
16,1325,2,44,0
16,6200,3,20,1
16,6510,6,1,2
16,210,3,27,2
16,852,5,1,3
16,7543,6,1,1
16,2637,1,90,1
16,114,2,43,3
16,8933,7,1,4
16,5459,5,12,13
16,2686,3,18,6
16,3339,6,46,1
16,7569,2,36,1
16,11492,2,75,2
16,5676,3,51,2
16,1785,3,20,4
16,7017,4,14,3
16,7806,3,12,1
16,93,6,19,4
16,8052,5,6,2
16,3912,4,4,3
16,5650,4,12,2
16,4766,3,12,5
16,6922,5,3,5
16,3602,5,3,2
16,1113,3,74,1
16,1239,3,40,52
16,37,5,1,1
16,5957,4,1,1
16,1706,5,1,1
16,3128,3,1,2
16,6509,5,1,3
16,8527,2,53,0
16,10437,5,2,2
16,1673,5,1,18
16,2548,7,1,11
16,1,5,13,50
16,7756,5,1,1
16,38,6,6,2
16,1225,4,1,5
16,159,4,2,2
16,600,3,7,2
16,1326,2,24,0
16,8966,3,18,3
16,7377,3,28,0
16,10796,4,12,2
16,8074,5,13,1
16,3464,8,2,3
16,7853,5,2,3
16,52,3,1,1
16,6755,7,1,3
16,7757,5,1,2
16,10947,5,1,2
16,11277,6,1,1
16,3561,5,21,56
16,11589,4,14,2
16,6606,4,27,2
16,6463,5,33,1
16,3789,3,9,0
16,513,3,3,3
16,6679,4,20,1
17,3701,3,49,2
17,10656,4,1,1
17,10838,2,25,1
17,3464,9,1,1
17,10680,4,100,1
17,50,6,1,1
17,8210,3,83,3
17,80,5,3,0
17,3739,7,75,1
17,4738,6,6,1
17,7474,5,9,3
17,5588,4,8,2
17,11235,5,4,1
17,3480,5,1,1
17,2381,4,6,2
17,3148,5,1,0
17,9430,4,3,1
17,7314,5,1,1
17,2493,6,2,2
17,11290,3,1,1
17,7066,5,33,1
17,8237,3,30,1
17,8228,2,64,1
17,10914,4,33,1
17,8196,6,18,2
17,3215,4,71,3
17,3320,3,34,8
17,3254,8,1,0
17,6793,3,2,1
17,3344,5,1,3
17,8578,6,1,1
17,2828,5,11,3
17,11383,6,3,2
17,4565,6,4,5
17,1270,5,1,2
17,2841,6,1,1
17,3300,4,2,19
17,7908,3,1,1
17,2033,6,2,1
17,4969,5,7,4
17,7473,6,1,4
17,101,3,47,2
17,803,5,1,1
17,854,4,3,2
17,9026,4,6,1
17,424,4,52,1
17,10725,3,11,2
17,302,8,1,1
17,6696,2,47,2
17,7,4,9,1
17,786,7,22,4
17,3599,3,79,1
17,1136,5,20,3
17,2027,3,37,1
17,1103,4,25,3
17,5719,5,14,0
17,1680,3,16,3
17,4004,4,30,1
17,2553,2,62,3
17,3447,5,3,0
17,2902,7,2,0
17,6770,6,3,1
17,10771,4,4,1
17,4983,4,29,2
17,1760,3,58,0
17,7515,2,46,2
17,1853,3,40,3
17,815,2,2,2
17,6878,4,1,1
17,3602,6,1,1
17,1453,5,3,1
17,7170,3,21,11
17,1785,4,1,3
17,4191,4,1,1
17,3112,5,2,1
17,210,4,1,1
17,1201,5,1,2
17,6,3,3,0
17,2915,4,2,2
17,3527,3,3,1
17,5683,3,3,5
17,5691,6,3,1
17,5723,3,3,2
17,297,8,2,12
17,41,4,1,0
17,568,6,2,5
17,1833,7,2,7
17,7176,3,2,2
17,6988,4,1,1
17,11154,5,1,1
17,11028,5,28,1
17,5641,4,73,2
17,48,4,37,2
17,1249,2,28,1
17,10915,4,2,1
17,3360,3,24,2
17,10780,4,1,2
17,5727,3,20,3
17,6122,5,5,1
17,8047,3,6,2
17,127,5,22,2
18,68,4,4,0
18,7260,2,20,0
18,18,8,258,2
18,2497,4,2,15
18,10349,5,124,1
18,33,4,41,3
18,7016,4,12,4
18,6356,5,56,2
18,3737,6,37,1
18,7992,5,1,1
18,81,5,28,4
18,10490,5,2,4
18,3850,6,16,2
18,10994,6,1,2
18,196,2,14,1
18,298,7,3,2
18,6192,3,9,2
18,3303,5,33,3
18,6793,4,1,1
18,8271,3,1,1
18,2603,6,18,6
18,3333,2,8,9
18,209,7,15,3
18,1901,6,5,2
18,5594,5,2,4
18,7586,4,4,2
18,8228,3,1,1
18,6805,6,1,1
18,2828,6,1,4
18,286,4,30,29
18,6669,4,1,2
18,8761,7,1,1
18,6350,4,5,2
18,5620,4,31,0
18,4926,3,21,2
18,55,4,3,1
18,3582,5,1,1
18,1206,6,1,1
18,1309,4,1,1
18,6683,4,51,1
18,1717,6,2,4
18,271,5,11,4
18,1742,3,20,2
18,11260,6,17,1
18,239,6,2,1
18,1225,5,1,6
18,577,5,11,4
18,8297,3,3,5
18,5427,5,7,1
18,497,5,5,1
18,5549,3,5,1
18,4557,2,57,2
18,3257,1,75,12
18,7189,2,79,6
18,4017,3,32,0
18,4129,3,11,3
18,2588,6,25,4
18,6459,5,26,1
18,8041,4,14,2
18,814,5,33,3
18,668,5,7,9
18,1503,6,5,1
18,37,6,26,0
18,194,2,2,3
18,10311,3,1,1
18,3909,5,2,1
18,1312,5,4,1
18,600,4,2,4
18,2381,5,1,3
18,10680,5,1,1
18,11078,4,3,2
18,71,5,4,6
18,6113,5,4,6
18,3749,4,8,2
18,6461,6,4,13
18,8160,8,1,2
18,6301,4,2,3
18,7806,4,2,1
18,11015,5,2,2
18,6988,5,1,1
18,11039,5,17,4
18,7018,8,14,50
18,10455,4,40,1
18,6484,5,11,4
18,11232,3,48,2
18,5653,4,1,2
18,11293,4,1,1
18,5583,4,27,3
18,11134,4,55,1
18,1744,4,1,1
18,2647,4,1,1
18,3739,8,1,2
18,7314,6,1,2
18,7515,3,1,3
18,5676,4,1,2
18,7017,5,1,2
18,1323,4,1,1
18,11563,6,1,1
18,11290,4,1,1
19,8297,4,1,1
19,5551,6,3,2
19,8608,3,26,0
19,6730,3,37,1
19,3491,6,8,10
19,8387,3,7,0
19,6570,5,5,1
19,11383,7,1,1
19,1653,4,3,2
19,6696,3,1,2
19,2840,7,3,2
19,6679,5,1,3
19,3320,4,2,8
19,4565,7,10,9
19,6735,3,7,1
19,3951,7,5,6
19,5384,4,28,4
19,8415,4,10,1
19,8959,2,34,1
19,7922,3,18,9
19,55,5,1,1
19,2033,7,1,1
19,4969,6,2,3
19,11095,3,49,1
19,1206,7,1,1
19,1761,4,26,2
19,3999,5,24,1
19,47,4,132,1
19,1938,3,38,0
19,1843,3,19,0
19,1717,7,1,1
19,549,4,4,2
19,7657,4,9,3
19,5430,2,50,1
19,1691,6,3,1
19,5392,9,4,1
19,9026,5,3,0
19,6705,7,3,1
19,302,9,2,2
19,1327,1,56,1
19,5418,2,93,2
19,8831,3,34,1
19,1103,5,1,3
19,10721,4,47,4
19,3506,4,53,1
19,5511,3,5,4
19,2027,4,2,1
19,4005,6,13,2
19,11042,4,9,2
19,6327,7,6,7
19,13,3,28,1
19,1785,5,1,2
19,7377,4,1,1
19,194,3,1,3
19,10455,5,1,1
19,24,5,5,1
19,600,5,1,1
19,7066,6,3,4
19,2381,6,1,1
19,271,6,1,1
19,1225,6,1,6
19,1201,6,2,2
19,11078,5,1,1
19,6192,4,1,2
19,6,4,25,1
19,2041,8,1,1
19,2497,5,1,9
19,5957,5,1,1
19,3794,5,1,1
19,7756,6,2,3
19,297,9,1,9
19,668,6,1,10
19,5691,7,1,1
19,1800,3,5,12
19,11039,6,1,1
19,854,5,1,1
19,10261,2,2,2
19,7462,3,3,0
19,6545,5,4,2
19,11154,6,9,0
19,131,3,31,2
19,6410,3,19,2
19,6433,2,54,0
19,8063,4,112,1
19,127,6,44,2
19,3354,3,27,4
19,3701,4,2,5
19,5588,5,2,3
19,6541,5,13,1
19,7260,3,9,1
19,6388,7,7,2
19,6385,6,50,2
19,816,7,67,2
19,4231,5,63,3
19,7806,5,1,1
19,3602,7,2,2
19,8052,6,2,2
19,4637,4,19,3
19,11090,6,16,1
19,2687,6,27,1
19,6356,6,48,1
19,3758,4,27,2
19,10796,5,20,3
19,2554,6,9,2
19,144,4,18,2
19,3669,5,66,1
19,111,4,27,2
19,1335,6,3,1
19,174,4,107,11
19,8743,4,10,1
19,8578,7,9,1
20,7,5,1,2
20,5641,5,2,1
20,8251,2,9,3
20,6570,6,1,1
20,1755,6,6,18
20,2917,4,4,6
20,1653,5,1,2
20,702,3,5,8
20,3254,9,2,0
20,5400,3,8,5
20,8527,3,3,2
20,3305,4,25,1
20,7908,4,1,1
20,8966,4,28,2
20,10513,4,28,2
20,7473,7,3,3
20,2914,3,16,40
20,299,4,16,2
20,4,4,151,1
20,239,7,3,0
20,424,5,2,1
20,4557,3,2,3
20,8,6,8,1
20,378,4,15,1
20,114,3,6,4
20,1136,6,4,2
20,3559,5,18,1
20,815,3,3,0
20,1853,4,18,3
20,132,3,7,1
20,194,4,1,4
20,7050,4,76,1
20,29,5,5,1
20,3912,5,42,4
20,159,5,29,1
20,225,4,29,1
20,271,7,2,1
20,6510,7,2,2
20,1249,3,27,2
20,34,3,42,2
20,68,5,4,1
20,209,8,3,5
20,293,7,3,46
20,6251,6,2,1
20,3464,10,2,2
20,7853,6,2,2
20,8047,4,5,3
20,10947,6,2,2
20,1453,6,2,1
20,7170,4,22,10
20,1761,5,1,2
20,48,5,7,2
20,3333,3,1,9
20,5549,4,1,1
20,3360,4,2,2
20,5727,4,2,5
20,3749,5,1,1
20,10725,4,3,3
20,3549,5,18,8
20,10821,6,5,2
20,1680,4,3,3
20,10851,5,4,1
20,11110,4,4,1
20,9430,5,3,1
20,7192,7,56,2
20,693,3,27,2
20,1221,4,45,1
20,11427,5,8,1
20,7927,3,29,1
20,291,3,44,0
20,8918,2,99,3
20,80,6,21,1
20,2711,4,36,4
20,559,5,20,2
20,1760,4,5,3
20,3737,7,3,0
20,10838,3,17,3
20,3739,9,1,2
20,3850,7,1,2
20,6385,7,1,2
20,7046,5,113,1
20,93,7,3,3
20,11095,4,1,2
20,6463,6,4,1
20,5650,5,3,2
20,803,6,1,2
20,3602,8,1,1
20,3480,6,4,2
20,3450,6,109,4
20,10902,3,57,1
20,7843,7,14,2
20,11423,5,4,4
20,4230,3,59,3
20,2548,8,18,18
20,10796,6,1,1
20,1323,5,1,2
20,1335,7,1,1
20,592,4,91,0
20,5739,6,66,2
20,298,8,86,1
20,5551,7,1,4
20,1717,8,1,2
21,3339,7,4,2
21,8933,8,20,4
21,6851,4,25,1
21,5418,3,2,1
21,10609,3,13,2
21,5548,4,63,2
21,6770,7,45,1
21,8543,2,36,3
21,22,3,16,1
21,88,8,36,2
21,10311,4,2,1
21,7377,5,1,1
21,10455,6,6,1
21,3909,6,3,1
21,104,4,7,3
21,46,6,6,2
21,549,5,1,1
21,271,8,1,1
21,6510,8,1,2
21,10490,6,37,4
21,111,5,1,2
21,7192,8,1,1
21,3112,6,14,1
21,292,5,4,0
21,3506,5,3,1
21,6755,8,3,3
21,3464,11,1,3
21,7853,7,1,2
21,11277,7,3,1
21,37,7,15,0
21,4637,5,1,3
21,1136,7,1,3
21,3305,5,1,1
21,702,4,1,5
21,1755,7,1,8
21,3333,4,1,6
21,286,5,3,31
21,3951,8,2,7
21,6350,5,1,0
21,5430,3,2,3
21,3527,4,3,1
21,5683,4,3,8
21,41,5,1,1
21,4565,8,2,9
21,6461,7,11,14
21,10821,7,1,1
21,6988,6,1,1
21,7462,4,1,1
21,7756,7,2,3
21,8959,3,2,2
21,2914,4,1,29
21,3749,6,1,1
21,1,6,15,53
21,5384,5,7,3
21,5006,7,6,6
21,854,6,1,1
21,10914,5,4,1
21,10915,5,5,1
21,11293,5,3,1
21,6580,5,9,2
21,1852,7,12,8
21,299,5,1,0
21,237,4,39,7
21,87,6,11,2
21,8143,6,4,3
21,11028,6,15,2
21,81,6,2,3
21,5588,6,6,2
21,6410,4,2,3
21,6541,6,2,1
21,7260,4,2,3
21,7515,4,2,4
21,80,7,1,1
21,559,6,1,1
21,2711,5,1,3
21,3737,8,1,1
21,10838,4,1,2
21,2553,3,3,1
21,7212,2,10,0
21,93,8,1,2
21,11030,5,25,2
21,8264,4,42,1
21,49,5,73,1
21,103,4,36,1
21,11235,6,44,1
21,5746,4,45,1
21,11690,2,52,2
21,10561,5,37,1
21,77,2,62,0
21,32,6,46,0
21,10562,3,10,3
21,1326,3,5,1
21,1329,5,4,1
21,8237,4,27,1
21,3302,4,73,2
21,1299,6,11,5
21,5409,3,7,5
21,5388,6,12,3
21,6406,3,31,1
21,7,6,2,2
21,11383,8,15,2
21,5424,7,22,2
21,6679,6,11,1
21,6570,7,74,1
21,8820,5,12,2
21,1270,6,35,1
21,8761,8,138,1
21,4000,4,130,9
21,9,5,93,1
21,11422,5,46,3
21,6320,5,53,2
21,234,4,34,1
21,1334,4,118,2
21,7586,5,170,1
21,7725,5,106,3
21,385,3,11,1
21,400,3,76,1
21,424,6,5,1
21,679,4,86,1
21,7276,3,43,1
22,6852,4,58,0
22,2686,4,28,4
22,7333,3,28,3
22,4191,5,13,1
22,18,9,4,2
22,1312,6,22,1
22,88,9,1,2
22,104,5,1,2
22,5739,7,1,1
22,3,3,65,2
22,199,6,17,0
22,45,5,5,1
22,11423,6,1,3
22,6122,6,23,2
22,6484,6,12,4
22,7756,8,1,1
22,8047,5,2,3
22,3464,12,1,3
22,11427,6,1,1
22,11134,5,3,2
22,4766,4,29,5
22,3794,6,32,1
22,2687,7,2,2
22,2828,7,3,4
22,1136,8,1,3
22,3300,5,3,17
22,3305,6,1,2
22,3491,7,9,8
22,5392,10,5,2
22,5430,4,1,3
22,5549,5,1,2
22,297,10,3,14
22,668,7,16,10
22,132,4,2,1
22,196,3,2,1
22,7462,5,1,1
22,10851,6,1,1
22,11154,7,11,1
22,68,6,1,1
22,293,8,2,47
22,5641,6,1,2
22,1453,7,1,1
22,7176,4,5,0
22,8192,3,7,0
22,6172,5,15,9
22,11021,5,31,2
22,4592,5,35,2
22,5078,3,36,1
22,7015,5,24,3
22,10815,2,44,2
22,5666,5,8,1
22,16,4,41,0
22,7281,6,9,1
22,815,4,2,3
22,7992,6,2,1
22,816,8,22,2
22,3701,5,3,4
22,3599,4,2,0
22,11232,4,3,2
22,4231,6,5,2
22,6385,8,2,2
22,2711,6,1,3
22,6541,7,1,1
22,7046,6,1,1
22,8143,7,1,3
22,701,4,16,74
22,11028,7,1,1
22,7915,6,85,0
22,11090,7,2,1
22,4004,5,11,4
22,10771,5,19,1
22,4005,7,3,3
22,5650,6,41,2
22,93,9,1,2
22,2548,9,1,13
22,6470,3,19,1
22,3669,6,3,1
22,6223,5,117,0
22,5646,7,33,14
22,1329,6,1,1
22,1849,4,22,11
22,6793,5,6,0
22,2493,7,32,2
22,3344,6,16,2
22,8196,7,15,1
22,3215,5,38,2
22,8918,3,2,2
22,8237,5,1,1
22,5583,5,54,1
22,1741,7,64,2
22,8415,5,51,1
22,8820,6,1,1
22,2603,7,164,4
22,9396,5,342,1
22,4926,4,43,3
22,7908,5,2,1
22,10637,4,111,0
22,5496,2,37,3
22,11397,2,74,1
22,6681,6,113,1
22,4,5,29,1
22,11422,6,1,2
22,55,6,147,1
23,7599,6,50,1
23,4130,4,213,1
23,8761,9,5,1
23,6762,5,118,1
23,1455,6,31,1
23,10725,5,1,1
23,302,10,22,1
23,7657,5,106,3
23,1691,7,69,2
23,4969,7,84,2
23,721,7,60,7
23,10455,7,1,1
23,24,6,4,2
23,159,6,2,1
23,1249,4,3,2
23,111,6,2,1
23,6200,4,19,1
23,145,5,11,35
23,52,4,31,2
23,7915,7,1,1
23,3561,6,6,62
23,3758,5,3,1
23,1901,7,35,1
23,71,6,22,5
23,6696,4,3,2
23,209,9,3,2
23,5400,4,3,4
23,3257,2,5,10
23,5430,5,1,2
23,6988,7,2,1
23,196,4,1,1
23,7018,9,10,42
23,2493,8,1,1
23,854,7,1,2
23,5691,8,16,1
23,132,5,2,1
23,7170,5,3,13
23,1103,6,1,2
23,11260,7,46,1
23,1280,5,38,1
23,10261,3,3,2
23,5653,5,5,2
23,131,4,6,1
23,2150,3,46,3
23,7016,5,4,3
23,4713,6,31,2
23,7570,5,81,1
23,7569,3,46,1
23,10349,6,33,0
23,6388,8,4,1
23,3850,8,13,1
23,3333,5,1,7
23,3951,9,2,6
23,3599,5,1,1
23,7515,5,2,2
23,2902,8,6,1
23,11095,5,1,3
23,8041,5,13,2
23,5676,5,12,3
23,7017,6,18,3
23,4004,6,1,4
23,4231,7,1,1
23,10771,6,1,2
23,11492,3,39,1
23,10780,5,49,1
23,3480,7,3,2
23,1324,6,10,1
23,1327,2,7,1
23,1326,4,2,1
23,1329,7,1,1
23,6654,6,69,1
23,1334,5,1,2
23,8472,5,27,2
23,7770,2,148,2
23,11290,5,4,1
23,8271,4,1,1
23,3343,5,15,0
23,786,8,9,5
23,2841,7,7,1
23,6570,8,1,1
23,4200,4,32,11
23,2588,7,52,4
23,6730,4,15,1
23,8608,4,2,0
23,3352,4,83,4
23,6669,5,173,1
23,3582,6,60,1
23,6681,7,1,2
24,3388,4,66,1
24,3128,4,8,2
24,6510,9,5,2
24,29,6,4,0
24,600,6,4,1
24,210,5,27,1
24,4557,4,42,3
24,46,7,3,0
24,3909,7,1,2
24,50,7,18,1
24,10796,7,3,1
24,6484,7,2,2
24,8047,6,12,1
24,3559,6,34,0
24,2554,7,4,3
24,10947,7,14,1
24,6320,6,1,2
24,8387,4,4,0
24,5620,5,40,0
24,5392,11,3,1
24,297,11,1,11
24,3749,7,1,1
24,7176,5,1,2
24,7756,9,1,2
24,1843,4,4,0
24,8959,4,2,2
24,13,4,4,1
24,6433,3,6,0
24,11110,5,3,0
24,11015,6,13,1
24,291,4,3,1
24,239,8,1,1
24,2917,5,3,7
24,37,8,15,0
24,1453,8,2,0
24,11039,7,4,4
24,6453,5,14,12
24,6762,6,1,0
24,5384,6,2,2
24,3847,7,33,12
24,4201,3,37,1
24,127,7,4,2
24,217,4,57,2
24,4983,5,21,2
24,10680,6,27,1
24,6360,4,48,1
24,7474,6,49,7
24,8210,4,7,4
24,814,6,29,4
24,815,5,16,1
24,2647,5,5,1
24,7189,3,21,5
24,3739,10,5,3
24,80,8,3,1
24,559,7,3,2
24,1270,7,2,2
24,1653,6,2,2
24,5418,4,2,2
24,702,5,4,7
24,1680,5,30,1
24,3602,9,4,3
24,6463,7,13,2
24,2637,2,133,2
24,93,10,2,5
24,7806,6,1,0
24,4005,8,2,3
24,5650,7,2,2
24,11021,6,2,1
24,10609,4,3,1
24,27,4,46,1
24,6381,4,75,2
24,10914,6,52,0
24,10994,7,22,4
24,3479,4,41,3
24,1323,6,4,2
24,5746,5,5,1
24,1335,8,3,2
24,1327,3,2,1
24,3301,5,188,1
24,8271,5,1,1
24,2603,8,1,2
24,5459,6,45,17
24,7,7,2,2
24,2841,8,1,1
24,8297,5,6,1
24,8228,4,20,2
24,1836,5,51,2
24,5594,6,47,4
24,2686,5,2,6
24,8472,6,1,1
24,8543,3,3,2
24,8527,4,167,1
24,4657,4,23,2
24,1273,6,236,3
24,101,4,84,1
24,8251,3,3,3
24,6660,3,107,5
24,2477,6,154,1
24,1309,5,4,1
24,6681,8,1,1
24,497,6,46,0
24,255,5,96,0
24,1691,8,1,1
24,385,4,30,1
24,378,5,224,1
24,267,4,163,2
24,6770,8,34,2
24,7138,5,50,1
24,8209,5,69,0
24,11042,5,87,1
24,6878,5,41,2
24,9,6,60,1
25,159,7,1,1
25,5653,6,1,2
25,11423,7,5,2
25,4293,5,25,1
25,8074,6,20,1
25,6251,7,35,1
25,7853,8,4,2
25,1761,6,6,2
25,11427,7,3,1
25,3794,7,2,1
25,33,5,7,4
25,3701,6,2,3
25,7473,8,2,2
25,2915,5,7,2
25,4713,7,1,1
25,5427,6,6,1
25,6,5,14,1
25,3758,6,1,1
25,32,7,2,1
25,209,10,1,2
25,1901,8,1,1
25,5400,5,1,4
25,68,7,1,1
25,132,6,5,1
25,4592,6,1,1
25,6223,6,1,2
25,6541,8,1,1
25,7515,6,1,3
25,7915,8,1,1
25,11028,8,1,2
25,701,5,2,74
25,11232,5,1,1
25,10780,6,1,1
25,11235,7,1,1
25,5549,6,1,1
25,3549,6,2,8
25,5666,6,1,1
25,11134,6,1,1
25,4766,5,2,5
25,7176,6,1,2
25,7756,10,1,2
25,10725,6,6,3
25,22,4,4,2
25,10821,8,3,2
25,6113,6,19,5
25,7462,6,3,1
25,10851,7,3,1
25,9430,6,25,1
25,34,4,11,2
25,48,6,5,3
25,292,6,27,1
25,577,6,9,8
25,1800,4,5,17
25,3360,5,7,3
25,5957,6,26,1
25,6350,6,4,1
25,6443,3,41,1
25,6606,5,27,2
25,11060,4,14,1
25,226,5,41,4
25,17,5,36,0
25,3932,3,83,8
25,4694,8,29,2
25,6327,8,10,5
25,1760,5,8,2
25,10513,5,5,1
25,87,7,5,1
25,4230,4,6,1
25,5588,7,5,2
25,6410,5,11,2
25,7260,5,4,2
25,7843,8,18,1
25,2027,5,5,0
25,3447,6,20,2
25,803,7,71,2
25,3912,6,14,3
25,2828,8,4,7
25,4004,7,2,3
25,5676,6,2,3
25,8041,6,2,2
25,5650,8,1,1
25,11021,7,1,2
25,1675,3,39,1
25,1324,7,19,1
25,5746,6,1,1
25,1327,4,1,1
25,1329,8,4,1
25,5551,8,5,3
25,8578,8,30,1
25,7,8,1,2
25,786,9,2,4
25,6719,6,88,1
25,6793,6,2,1
25,679,5,2,1
25,2686,6,1,7
25,8228,5,1,2
25,5424,8,4,3
25,10482,3,96,2
25,8543,4,1,2
25,1206,8,48,1
25,55,7,2,1
25,10466,4,34,2
25,8001,5,138,1
25,11422,7,6,4
25,4,6,2,0
25,3999,6,57,1
25,852,6,38,2
25,400,4,12,2
25,721,8,2,7
25,4130,5,14,1
25,2905,6,264,0
25,10643,6,88,1
25,5050,3,127,5
25,7377,6,13,1
25,3940,6,106,2
25,5719,6,53,1
25,302,11,13,1
25,3909,8,2,1
25,88,10,9,3
25,4017,4,118,1
26,1761,7,1,2
26,5409,4,3,5
26,2914,5,5,42
26,3582,7,2,0
26,2687,8,5,2
26,6852,5,9,2
26,4637,6,4,2
26,6705,8,14,3
26,1833,8,21,7
26,4657,5,1,2
26,5620,6,1,1
26,8251,4,1,3
26,5583,6,1,2
26,209,11,1,3
26,286,6,3,32
26,45,6,2,1
26,50,8,2,2
26,13,5,1,2
26,49,6,2,0
26,3737,9,1,1
26,10349,7,1,1
26,7281,7,2,0
26,10637,5,2,1
26,11090,8,2,1
26,77,3,2,1
26,7212,3,2,2
26,27,5,1,1
26,10994,8,1,2
26,11235,8,1,2
26,3257,3,3,13
26,6251,8,1,2
26,5078,4,2,1
26,6484,8,2,5
26,7015,6,2,3
26,7915,9,1,1
26,3669,7,2,1
26,297,12,2,13
26,3749,8,2,2
26,6988,8,1,1
26,11154,8,1,1
26,7170,6,2,9
26,33,6,1,2
26,11015,7,1,2
26,11039,8,2,4
26,6301,5,9,3
26,10562,4,32,3
26,298,9,7,2
26,2767,6,52,4
26,3676,6,15,4
26,8175,4,106,2
26,4983,6,2,1
26,10490,7,11,4
26,3344,7,2,4
26,6696,5,3,2
26,10902,4,20,1
26,6140,3,34,1
26,3912,7,1,3
26,7138,6,1,2
26,11021,8,1,2
26,10821,9,1,1
26,11690,3,5,2
26,5696,2,37,7
26,1326,5,23,1
26,1675,4,1,1
26,3967,5,65,9
26,2603,9,1,6
26,5459,7,4,14
26,1653,7,4,2
26,11383,9,14,2
26,513,4,34,6
26,8237,6,6,1
26,2588,8,77,3
26,2685,7,93,10
26,517,4,69,1
26,5388,7,4,4
26,1273,7,1,3
26,8228,6,1,2
26,2033,8,29,1
26,4969,8,4,2
26,5413,4,173,2
26,101,5,4,2
26,6411,4,80,1
26,7757,6,191,3
26,714,3,79,2
26,3066,6,113,1
26,5673,5,67,1
26,4926,5,44,3
26,378,6,1,1
26,424,7,83,1
26,2572,3,53,2
26,26,6,161,2
26,267,5,2,2
26,7586,6,119,3
26,3148,6,117,2
26,4191,6,12,2
26,10455,8,41,1
26,3354,4,64,4
26,11078,6,85,2
26,6755,9,25,2
50,2548,10,170,21
50,4969,9,145,5
50,10656,5,157,1
50,1335,9,295,2
50,1334,6,239,2
50,1455,7,312,1
50,1453,9,102,1
50,10771,7,201,2
50,3999,7,220,1
50,3758,7,368,2
50,4738,7,262,1
50,3527,5,279,1
50,1,7,223,67
50,1225,7,181,10
50,3,4,162,3
50,1103,7,297,4
50,4,7,676,1
50,2554,8,162,3
50,2553,4,239,3
50,6,6,200,1
50,1221,5,401,2
50,7,9,178,2
50,8,7,263,2
50,10780,7,276,2
50,9,7,212,1
50,803,8,279,3
50,2572,4,293,2
50,1239,4,166,88
50,10513,6,208,2
50,10637,6,260,2
50,5719,7,284,1
50,2687,9,192,2
50,1113,4,538,1
50,2686,7,258,8
50,2685,8,116,14
50,4983,7,257,2
50,6922,6,243,7
50,814,7,198,4
50,815,6,276,3
50,10994,9,224,4
50,816,9,145,4
50,6805,7,383,6
50,5957,7,140,1
50,3794,8,280,1
50,3549,7,165,10
50,1249,5,238,2
50,3305,7,324,3
50,7908,6,502,2
50,3303,6,290,5
50,3302,5,305,2
50,3301,6,201,1
50,3300,6,204,25
50,701,6,82,104
50,702,6,220,15
50,5723,4,229,2
50,6813,7,376,4
50,3789,4,271,3
50,4637,7,169,3
50,3669,8,99,1
50,5727,5,220,7
50,10643,7,207,1
50,5620,7,264,1
50,3320,5,267,12
50,10609,5,199,2
50,3561,7,155,92
50,5739,8,307,2
50,3559,7,313,1
50,1136,9,145,4
50,2588,9,352,4
50,714,4,162,2
50,3676,7,241,4
50,4766,6,97,6
50,10851,8,146,1
50,7915,10,310,3
50,6705,9,159,3
50,1275,2,427,5
50,1273,8,323,4
50,3450,7,186,4
50,1270,8,153,2
50,6719,7,285,1
50,3447,7,162,2
50,2477,7,912,1
50,721,9,247,8
50,600,7,247,6
50,7922,4,291,12
50,7925,6,297,1
50,4657,6,184,2
50,5746,7,234,2
50,7927,4,365,2
50,7806,7,239,2
50,5641,7,268,3
50,6852,6,201,2
50,6851,5,912,1
50,6730,5,249,1
50,5400,6,139,6
50,3464,13,314,4
50,3343,6,327,1
50,3463,3,197,1
50,2493,9,134,2
50,3582,8,146,2
50,1280,6,153,3
50,3339,8,1723,2
50,3215,6,342,4
50,852,7,171,6
50,3333,6,208,14
50,10838,5,150,4
50,854,8,239,2
50,5511,4,316,5
50,6606,6,223,2
50,5650,9,158,2
50,4200,5,147,16
50,4201,4,220,2
50,5653,7,445,3
50,3112,7,375,2
50,3354,5,285,4
50,3352,5,181,5
50,2381,7,210,4
50,5409,5,159,7
50,8918,4,160,5
50,10725,7,177,3
50,2497,6,204,28
50,3344,8,194,4
50,6735,4,863,1
50,5646,8,138,17
50,4557,5,158,4
50,10721,5,205,4
50,6859,5,302,3
50,4694,9,133,3
50,10490,8,173,5
50,6510,10,264,2
50,2033,9,241,1
50,2150,4,288,4
50,3360,6,203,3
50,3480,8,135,2
50,6509,6,200,5
50,3479,5,218,3
50,2027,6,466,1
50,3599,6,544,1
50,1299,7,244,6
50,513,5,119,6
50,4565,9,185,12
50,5413,5,273,3
50,6988,9,290,1
50,517,5,185,3
50,5418,5,308,2
50,11589,5,252,3
50,8820,7,608,2
50,5430,6,216,3
50,6762,7,300,3
50,5551,9,222,6
50,5673,6,280,3
50,11351,5,200,4
50,7853,9,214,3
50,10261,4,264,2
50,3254,10,176,1
50,3493,5,382,4
50,2041,9,348,3
50,3491,8,187,11
50,3128,5,303,3
50,400,5,1296,2
50,11232,6,149,2
50,6755,10,170,3
50,5666,7,193,1
50,11110,6,150,1
50,7843,9,221,2
50,5424,9,247,3
50,7725,6,296,4
50,6878,6,292,2
50,8933,9,431,5
50,5548,5,372,2
50,5427,7,166,2
50,5549,7,155,2
50,11235,9,257,2
50,4592,7,137,2
50,6770,9,154,2
50,4230,5,150,3
50,8831,4,334,2
50,5683,5,136,11
50,4231,8,143,3
50,6410,6,187,3
50,6654,7,216,1
50,6411,5,214,1
50,3257,4,151,19
50,5676,7,173,3
50,11563,7,198,2
50,6406,4,197,1
50,5691,9,124,1
50,7992,7,321,2
50,6660,4,187,5
50,4000,5,128,15
50,11690,4,225,2
50,6541,9,237,1
50,10482,4,536,3
50,5696,3,103,12
50,6301,6,88,3
50,302,12,227,2
50,786,10,97,6
50,3148,7,289,2
50,424,8,1040,1
50,3388,5,148,3
50,668,8,121,14
50,549,6,420,3
50,8959,5,141,2
50,6793,7,136,1
50,4130,6,324,1
50,5583,7,220,4
50,6433,4,164,1
50,11427,8,182,1
50,11426,2,450,1
50,7756,11,124,3
50,4004,8,174,4
50,679,6,380,1
50,6545,6,129,3
50,4005,9,232,3
50,559,8,193,2
50,6669,6,418,2
50,8966,5,181,3
50,7515,7,192,5
50,5459,8,128,21
50,7757,7,113,3
50,4129,4,202,4
50,11423,8,251,4
50,8608,5,214,2
50,10455,9,247,1
50,11422,8,342,4
50,7770,3,302,2
50,6681,9,656,2
50,6683,5,304,2
50,6320,7,269,4
50,5594,7,252,6
50,8743,5,330,3
50,6443,4,121,1
50,6200,5,329,3
50,10349,8,140,1
50,685,4,338,4
50,568,7,269,10
50,5588,8,238,3
50,4017,5,371,1
50,6679,7,247,4
50,209,12,198,5
50,10466,5,295,3
50,8750,6,195,2
50,6570,9,142,1
50,7543,7,566,3
50,6696,6,189,3
50,6453,6,236,17
50,8874,4,313,1
50,3066,7,321,2
50,10437,6,148,3
50,693,4,170,3
50,210,6,131,3
50,10318,5,1789,1
50,577,7,282,9
50,7657,6,281,3
50,217,5,168,3
50,6327,9,147,8
50,10796,8,123,3
50,10311,5,204,1
50,6461,8,164,18
50,8761,10,797,1
50,6463,8,297,3
50,5496,3,233,4
50,6223,7,266,2
50,6467,3,289,6
50,5377,7,341,4
50,7314,7,245,2
50,10680,7,309,2
50,5378,4,276,4
50,6580,6,294,2
50,101,6,292,2
50,224,7,310,1
50,103,5,204,1
50,225,5,264,2
50,104,6,286,4
50,226,6,203,6
50,10561,6,176,2
50,5006,8,200,7
50,6459,6,198,1
50,10562,5,284,3
50,4293,6,166,1
50,6350,7,228,2
50,5384,7,279,4
50,11060,5,230,1
50,6113,7,120,7
50,5388,8,382,5
50,6356,7,324,2
50,592,5,251,1
50,6470,4,216,1
50,111,7,159,2
50,234,5,235,3
50,114,4,136,6
50,237,5,172,7
50,239,9,371,1
50,8527,5,279,2
50,6347,1,367,6
50,6122,7,253,2
50,13,6,234,2
50,6484,9,246,5
50,7333,4,186,3
50,16,5,200,1
50,7212,4,130,2
50,17,6,157,1
50,8543,5,353,3
50,18,10,225,2
50,7570,6,317,1
50,6360,5,251,1
50,5392,12,188,2
50,127,8,162,3
50,7569,4,279,1
50,11078,7,142,2
50,8415,6,300,1
50,1901,9,182,2
50,22,5,226,2
50,7462,7,243,1
50,6251,9,169,2
50,24,7,212,3
50,25,4,215,3
50,26,7,157,2
50,27,6,235,1
50,7586,7,225,3
50,29,7,301,1
50,11042,6,180,2
50,4191,7,228,2
50,131,5,296,2
50,132,7,190,2
50,255,6,604,1
50,497,7,708,1
50,378,7,267,1
50,32,8,207,2
50,7473,9,277,4
50,11290,6,234,2
50,33,7,178,4
50,34,5,127,2
50,6385,9,217,2
50,7474,7,147,7
50,6388,9,236,2
50,37,9,104,1
50,38,7,217,3
50,11293,6,315,1
50,7599,7,189,2
50,5050,4,159,9
50,6140,4,139,1
50,6381,5,171,2
50,385,5,928,1
50,1800,5,184,17
50,144,5,274,3
50,145,6,267,47
50,267,6,170,2
50,41,6,149,1
50,45,7,217,1
50,46,8,271,2
50,47,5,487,1
50,8210,5,151,5
50,48,7,207,3
50,8578,9,220,1
50,11260,8,342,2
50,49,7,291,1
50,11021,9,258,2
50,11383,10,104,2
50,271,9,113,4
50,159,8,235,2
50,8209,6,304,3
50,1938,4,407,1
50,50,9,194,2
50,2905,7,357,1
50,11268,3,352,2
50,52,5,197,2
50,2902,9,320,1
50,11028,9,197,2
50,55,8,362,1
50,9430,7,294,1
50,11030,6,263,2
50,5078,5,200,1
50,7015,7,224,3
50,8469,3,533,1
50,7377,7,297,1
50,7017,7,177,3
50,7138,7,169,2
50,7016,6,294,4
50,160,6,229,2
50,286,7,219,41
50,11397,3,177,2
50,11154,9,136,1
50,2917,6,174,7
50,1706,6,325,2
50,11277,8,365,1
50,2915,6,291,2
50,2914,6,159,57
50,11039,9,249,5
50,68,8,195,1
50,8237,7,211,1
50,291,5,245,1
50,292,7,201,1
50,293,9,106,68
50,7260,6,208,3
50,8472,7,365,4
50,174,5,191,13
50,6172,6,167,13
50,297,13,139,18
50,1833,9,122,9
50,298,10,231,3
50,299,6,449,2
50,7018,10,183,71
50,71,7,137,7
50,8228,7,276,2
50,1717,9,363,5
50,73,5,295,4
50,1836,6,179,2
50,77,4,134,1
50,7276,4,304,3
50,8001,6,221,2
50,11492,4,160,2
50,1843,5,118,1
50,3909,9,284,3
50,80,9,262,1
50,81,7,134,4
50,1849,5,244,15
50,11134,7,146,2
50,11015,8,69,2
50,87,8,132,2
50,88,11,191,3
50,7046,7,214,1
50,194,5,158,4
50,8251,5,208,5
50,6192,5,314,2
50,7281,8,263,1
50,196,5,130,1
50,199,7,247,1
50,1853,5,398,4
50,1852,8,240,10
50,10815,3,262,2
50,93,11,322,5
50,2828,9,182,7
50,3912,8,279,4
50,7176,7,216,2
50,8387,5,419,1
50,8264,5,210,1
50,8143,8,267,3
50,7170,7,261,17
50,8263,4,202,1
50,7050,5,176,2
50,1503,7,381,2
50,1744,5,234,1
50,10821,10,120,2
50,2711,7,182,4
50,1742,4,288,2
50,1741,8,328,3
50,10947,8,224,3
50,1740,3,245,42
50,7066,7,129,5
50,7189,4,124,7
50,8271,6,293,1
50,2603,10,177,6
50,1755,8,223,23
50,2841,9,1967,1
50,10914,7,252,2
50,2840,8,606,3
50,10915,6,295,1
50,3932,4,157,10
50,8047,7,164,3
50,8160,9,253,3
50,7192,9,241,2
50,8041,7,125,2
50,2856,3,365,7
50,1761,8,438,2
50,1760,6,167,3
50,3940,7,245,2
50,3701,7,90,5
50,9026,6,317,1
50,8297,6,221,6
50,8175,5,268,2
50,8052,7,263,2
50,4926,6,154,4
50,1653,8,277,3
50,3951,10,208,10
50,9396,6,495,1
50,8063,5,334,2
50,3847,8,223,13
50,1667,4,322,2
50,3602,10,168,3
50,1785,6,245,5
50,10902,5,177,1
50,1309,6,961,1
50,2637,3,160,2
50,3967,6,135,11
50,8192,4,168,1
50,1680,6,125,3
50,8196,8,244,2
50,8074,7,117,1
50,2647,6,157,1
50,3737,10,113,1
50,2767,7,104,4
50,3739,11,182,3
50,1312,7,186,2
50,1675,5,161,1
50,1673,6,286,33
50,3850,9,260,2
50,11095,6,285,3
50,1691,9,335,2
50,11090,9,97,2
50,1327,5,165,1
50,1206,9,222,1
50,3749,9,143,2
50,1326,6,269,1
50,1325,3,288,2
50,1324,8,333,1
50,1323,7,189,2
50,1201,7,197,3
50,4713,8,254,2
50,1329,9,239,1
50,3506,6,246,2
