0,(0, 0, 0, 0, 0, 0, 1, 0, 0),1,1,9
0,(1, 1, 0, 0, 1, 0, 0, 1, 0),1,1,9
0,(0, 1, 0, 0, 0, 0, 0, 1, 1),1,1,9
0,(0, 1, 0, 0, 1, 1, 0, 0, 1),1,1,9
0,(1, 1, 1, 0, 0, 0, 1, 1, 0),1,1,9
0,(1, 0, 1, 0, 1, 0, 0, 1, 1),1,1,9
0,(1, 1, 0, 0, 1, 1, 0, 0, 1),1,1,8
0,(1, 0, 1, 1, 0, 0, 0, 1, 1),1,1,9
0,(0, 0, 1, 0, 1, 0, 0, 0, 1),1,1,9
0,(1, 0, 1, 1, 0, 1, 1, 1, 1),1,1,9
0,(0, 1, 1, 0, 0, 0, 0, 0, 0),1,1,9
0,(0, 0, 0, 0, 0, 1, 1, 0, 1),1,1,9
0,(1, 0, 0, 0, 1, 0, 1, 1, 1),1,1,9
0,(1, 1, 1, 1, 1, 0, 0, 1, 0),1,1,9
0,(1, 1, 1, 1, 1, 0, 1, 1, 1),1,1,9
0,(1, 0, 0, 1, 1, 0, 0, 0, 1),1,1,9
0,(0, 0, 1, 1, 1, 0, 1, 1, 0),1,1,9
0,(0, 0, 0, 0, 1, 0, 1, 0, 0),1,1,8
0,(1, 0, 1, 1, 0, 0, 1, 1, 0),1,1,9
0,(1, 1, 1, 1, 0, 1, 1, 1, 0),1,1,9
0,(0, 1, 0, 1, 1, 1, 1, 0, 0),1,1,9
0,(0, 0, 0, 1, 1, 1, 0, 1, 0),1,1,9
0,(1, 0, 0, 1, 1, 1, 0, 1, 1),1,1,9
0,(1, 0, 0, 0, 0, 1, 0, 0, 0),1,1,9
0,(0, 0, 1, 1, 0, 1, 0, 1, 1),1,1,9
0,(0, 0, 0, 1, 1, 0, 0, 1, 1),1,1,9
0,(1, 1, 1, 1, 0, 0, 0, 0, 1),1,1,9
0,(0, 0, 0, 0, 1, 0, 0, 0, 0),1,1,8
0,(1, 1, 0, 0, 0, 0, 1, 0, 1),1,1,9
0,(1, 0, 0, 0, 0, 1, 0, 0, 1),1,1,8
0,(0, 1, 1, 1, 1, 1, 0, 1, 1),1,1,9
0,(1, 0, 1, 0, 0, 1, 0, 1, 1),1,1,9
0,(0, 1, 1, 1, 1, 0, 1, 1, 1),1,1,8
0,(1, 0, 1, 1, 1, 0, 0, 1, 0),1,1,8
0,(1, 1, 1, 0, 0, 0, 1, 1, 1),1,1,8
0,(0, 1, 0, 0, 0, 0, 0, 0, 0),1,1,8
0,(0, 1, 1, 1, 0, 1, 0, 0, 0),1,1,9
0,(1, 1, 0, 0, 0, 1, 1, 1, 0),1,1,9
0,(1, 1, 1, 0, 0, 1, 1, 0, 1),1,1,9
0,(1, 0, 0, 0, 0, 1, 1, 1, 0),1,1,8
0,(1, 0, 1, 0, 1, 0, 0, 0, 0),1,1,9
0,(1, 0, 1, 1, 1, 1, 1, 0, 0),1,1,9
0,(1, 1, 1, 0, 0, 0, 0, 0, 0),1,1,8
0,(1, 0, 1, 0, 0, 0, 0, 1, 0),1,1,9
0,(1, 0, 1, 1, 1, 0, 1, 1, 1),1,1,8
0,(1, 1, 1, 0, 0, 1, 1, 0, 0),1,1,8
0,(0, 1, 0, 1, 1, 1, 1, 0, 1),1,1,8
0,(1, 1, 1, 1, 0, 1, 0, 1, 0),1,1,8
0,(0, 1, 0, 1, 0, 0, 1, 1, 1),1,1,9
0,(0, 1, 0, 1, 1, 0, 1, 0, 1),1,1,8
0,(0, 1, 1, 0, 1, 1, 1, 0, 0),1,1,9
0,(0, 0, 1, 1, 1, 1, 0, 0, 1),1,1,9
0,(1, 1, 0, 1, 0, 0, 0, 1, 1),1,1,9
0,(1, 1, 0, 1, 0, 0, 1, 0, 1),1,1,8
0,(0, 0, 1, 0, 0, 0, 1, 0, 0),1,1,8
0,(1, 1, 0, 1, 1, 1, 1, 1, 1),1,1,9
0,(1, 1, 0, 0, 0, 1, 0, 1, 1),1,1,9
0,(1, 1, 0, 0, 1, 1, 1, 1, 1),1,1,8
0,(0, 1, 0, 1, 1, 0, 0, 0, 0),1,1,9
0,(0, 0, 1, 1, 0, 0, 0, 0, 0),1,1,9
0,(0, 0, 1, 0, 1, 1, 0, 0, 1),1,1,7
0,(1, 1, 0, 1, 0, 0, 0, 1, 0),1,1,8
0,(0, 1, 0, 0, 0, 1, 0, 1, 0),1,1,9
0,(1, 0, 0, 0, 0, 1, 1, 0, 1),1,1,7
0,(0, 0, 0, 0, 0, 0, 1, 0, 1),1,1,7
0,(0, 1, 0, 1, 0, 1, 0, 0, 0),1,1,8
0,(0, 1, 1, 0, 1, 0, 1, 0, 0),1,1,8
0,(1, 0, 0, 1, 1, 0, 1, 0, 0),1,1,9
0,(1, 1, 1, 0, 1, 0, 0, 1, 1),1,1,8
0,(1, 1, 0, 0, 0, 1, 1, 1, 1),1,1,6
0,(0, 1, 0, 1, 0, 1, 0, 0, 1),1,1,8
0,(0, 1, 1, 0, 1, 1, 0, 1, 0),1,1,9
0,(0, 0, 0, 1, 0, 0, 1, 1, 0),1,1,9
0,(1, 0, 1, 1, 1, 0, 1, 0, 1),1,1,8
0,(1, 0, 0, 1, 0, 1, 0, 0, 1),1,1,8
0,(1, 1, 1, 1, 1, 0, 1, 1, 0),1,1,7
0,(0, 0, 1, 0, 0, 1, 0, 0, 0),1,1,9
0,(1, 0, 1, 1, 1, 1, 1, 0, 1),1,1,7
0,(0, 0, 1, 0, 1, 1, 0, 1, 0),1,1,8
0,(1, 0, 0, 0, 1, 1, 1, 0, 1),1,1,8
0,(1, 0, 1, 1, 0, 0, 1, 0, 1),1,1,8
0,(0, 0, 1, 0, 1, 1, 1, 0, 1),1,1,8
0,(0, 0, 1, 1, 0, 0, 1, 0, 1),1,1,8
0,(0, 0, 1, 1, 1, 0, 1, 1, 1),1,1,6
0,(1, 1, 0, 0, 0, 0, 1, 1, 1),1,1,6
0,(0, 0, 0, 0, 1, 0, 1, 1, 1),1,1,8
0,(0, 1, 1, 0, 1, 0, 0, 0, 0),1,1,7
0,(1, 0, 0, 1, 1, 1, 0, 0, 0),1,1,9
0,(0, 0, 0, 0, 1, 0, 0, 0, 1),1,1,7
0,(0, 1, 0, 1, 0, 0, 0, 1, 0),1,1,8
0,(1, 0, 1, 1, 0, 1, 1, 1, 0),1,1,6
0,(0, 1, 1, 0, 0, 0, 1, 0, 0),1,1,6
0,(1, 1, 0, 0, 1, 0, 0, 1, 1),1,1,7
0,(0, 1, 0, 1, 0, 0, 0, 0, 0),1,1,5
0,(1, 1, 0, 1, 1, 1, 0, 1, 0),1,1,9
0,(0, 1, 0, 1, 1, 0, 0, 1, 0),1,1,7
0,(0, 0, 1, 1, 1, 0, 0, 1, 1),1,1,7
0,(1, 1, 1, 0, 1, 0, 0, 1, 0),1,1,6
0,(1, 0, 1, 0, 0, 0, 1, 1, 0),1,1,6
0,(1, 0, 1, 1, 0, 1, 0, 0, 0),1,1,9
0,(0, 0, 1, 0, 1, 0, 1, 0, 1),1,1,7
0,(0, 1, 0, 1, 1, 1, 0, 1, 0),1,1,6
0,(0, 0, 0, 0, 0, 0, 1, 1, 1),1,1,7
0,(0, 1, 0, 0, 1, 0, 0, 1, 1),1,1,7
0,(0, 0, 1, 0, 1, 1, 0, 1, 1),1,1,7
0,(0, 1, 0, 0, 1, 0, 0, 0, 1),1,1,6
0,(1, 0, 1, 1, 1, 1, 0, 1, 0),1,1,8
0,(1, 1, 1, 0, 1, 0, 0, 0, 1),1,1,8
0,(1, 1, 0, 0, 1, 1, 1, 0, 0),1,1,9
0,(1, 1, 0, 0, 1, 0, 1, 0, 1),1,1,8
0,(0, 1, 1, 0, 1, 0, 0, 1, 0),1,1,6
0,(0, 0, 0, 1, 0, 0, 1, 1, 1),1,1,6
1,(1, 1, 1, 0, 0, 0, 1, 0, 1),1,2,6
1,(1, 1, 1, 1, 1, 0, 0, 0, 1),1,2,7
1,(0, 0, 0, 1, 0, 0, 1, 0, 1),1,1,6
1,(0, 1, 1, 0, 1, 0, 1, 1, 0),1,4,7
1,(1, 0, 1, 0, 0, 1, 1, 1, 0),1,2,6
1,(0, 0, 0, 0, 0, 1, 1, 1, 1),1,1,7
1,(0, 0, 0, 0, 0, 0, 0, 0, 0),1,4,7
1,(0, 1, 1, 0, 0, 1, 1, 0, 1),1,4,8
1,(0, 0, 0, 0, 0, 0, 1, 0, 0),2,7,4
1,(0, 0, 1, 0, 1, 1, 1, 1, 0),1,3,8
1,(1, 0, 0, 1, 1, 1, 1, 0, 0),1,2,6
1,(1, 0, 0, 0, 1, 1, 1, 0, 0),1,1,6
1,(0, 1, 0, 0, 1, 1, 0, 1, 0),1,1,6
1,(1, 0, 1, 0, 1, 0, 1, 0, 1),1,2,7
1,(0, 1, 1, 0, 1, 0, 0, 0, 1),1,1,5
1,(1, 0, 0, 0, 0, 0, 0, 0, 0),1,2,7
1,(1, 1, 1, 0, 0, 0, 0, 1, 0),1,1,5
1,(1, 0, 0, 0, 1, 1, 1, 1, 1),1,2,6
1,(0, 0, 1, 0, 1, 1, 0, 0, 0),1,2,6
1,(1, 0, 0, 0, 1, 1, 0, 1, 1),1,1,7
1,(1, 0, 0, 1, 1, 0, 1, 1, 0),1,1,8
1,(0, 0, 0, 1, 1, 1, 0, 0, 1),1,1,8
1,(1, 0, 1, 1, 1, 1, 1, 1, 0),1,1,6
1,(0, 1, 1, 0, 0, 1, 0, 0, 0),1,2,6
1,(1, 1, 0, 1, 1, 0, 0, 1, 1),1,3,7
1,(0, 1, 1, 1, 1, 0, 1, 0, 0),1,1,8
1,(1, 1, 0, 0, 0, 0, 1, 0, 1),2,1,3
1,(0, 1, 0, 0, 1, 0, 1, 0, 1),1,2,6
1,(0, 0, 1, 0, 1, 0, 0, 1, 1),1,1,5
1,(0, 1, 0, 0, 0, 0, 1, 1, 1),1,1,5
1,(0, 1, 1, 0, 0, 1, 1, 1, 0),1,1,9
1,(1, 1, 0, 0, 1, 1, 0, 0, 1),2,1,5
1,(1, 1, 0, 0, 1, 0, 1, 1, 1),1,2,4
1,(1, 0, 1, 0, 0, 1, 0, 0, 0),1,1,6
1,(1, 1, 0, 0, 0, 0, 0, 1, 1),1,3,5
1,(0, 1, 1, 0, 0, 0, 1, 0, 1),1,1,6
1,(0, 1, 1, 0, 0, 1, 0, 1, 0),1,2,5
1,(0, 0, 0, 1, 0, 1, 1, 0, 1),1,3,7
1,(1, 1, 1, 1, 1, 0, 0, 1, 1),1,3,4
1,(0, 1, 1, 1, 1, 1, 1, 1, 0),1,2,9
1,(0, 1, 0, 0, 1, 0, 0, 0, 0),1,4,4
1,(0, 0, 1, 1, 0, 0, 0, 0, 0),2,1,7
1,(0, 1, 0, 1, 1, 1, 0, 1, 1),1,2,8
1,(0, 1, 0, 0, 0, 0, 0, 1, 1),2,2,4
1,(0, 1, 1, 0, 0, 0, 1, 1, 1),1,2,7
1,(0, 1, 0, 0, 1, 1, 0, 1, 1),1,2,5
1,(1, 1, 0, 0, 0, 1, 0, 0, 1),1,2,6
1,(1, 1, 0, 1, 0, 1, 0, 1, 1),1,3,7
1,(0, 1, 1, 1, 1, 1, 0, 0, 0),1,2,8
1,(0, 0, 1, 1, 1, 1, 1, 0, 1),1,2,6
1,(0, 1, 0, 0, 1, 0, 0, 1, 0),1,7,3
1,(1, 1, 1, 1, 1, 1, 0, 1, 1),1,9,7
1,(0, 0, 0, 0, 0, 1, 0, 0, 0),1,6,7
1,(0, 0, 0, 1, 0, 0, 1, 0, 0),1,3,6
1,(0, 0, 1, 0, 1, 0, 1, 1, 0),1,11,7
1,(0, 1, 0, 1, 1, 0, 0, 0, 1),1,13,6
1,(0, 0, 1, 0, 0, 0, 1, 1, 0),1,2,6
1,(1, 0, 0, 1, 0, 0, 0, 1, 1),1,3,7
1,(1, 1, 1, 0, 0, 1, 1, 1, 0),1,3,4
1,(0, 1, 1, 0, 0, 1, 1, 1, 1),1,3,6
1,(1, 1, 0, 0, 0, 0, 0, 0, 0),1,21,6
1,(1, 1, 0, 1, 1, 0, 1, 1, 1),1,3,5
1,(0, 0, 1, 0, 0, 1, 0, 1, 0),1,17,6
1,(1, 1, 1, 1, 0, 1, 1, 0, 1),1,11,8
1,(0, 1, 1, 1, 1, 1, 0, 1, 0),1,2,5
1,(1, 1, 1, 0, 1, 1, 1, 0, 1),1,3,8
1,(0, 0, 0, 1, 0, 1, 0, 0, 1),1,5,5
1,(0, 1, 0, 0, 1, 1, 1, 0, 0),1,2,6
1,(1, 1, 0, 0, 0, 0, 1, 0, 0),1,2,7
1,(1, 1, 1, 1, 0, 0, 0, 1, 0),1,2,6
1,(1, 1, 1, 1, 1, 1, 1, 1, 1),1,2,6
1,(1, 1, 0, 1, 1, 1, 1, 1, 1),2,1,6
1,(0, 0, 1, 1, 1, 0, 0, 1, 0),1,3,8
1,(1, 1, 1, 1, 1, 1, 0, 0, 1),1,3,7
1,(0, 1, 1, 1, 0, 1, 0, 0, 0),2,15,6
1,(0, 1, 0, 1, 0, 1, 1, 0, 1),1,6,6
1,(1, 0, 0, 1, 0, 0, 1, 0, 1),1,10,6
1,(0, 0, 1, 1, 0, 1, 0, 0, 1),1,16,6
1,(0, 0, 0, 0, 1, 1, 1, 1, 0),1,10,8
1,(0, 0, 0, 0, 0, 1, 1, 1, 0),1,25,6
1,(1, 0, 1, 1, 1, 1, 1, 1, 1),1,3,4
1,(1, 0, 0, 1, 0, 1, 0, 1, 0),1,4,9
1,(0, 0, 0, 1, 1, 0, 0, 0, 0),1,2,8
1,(0, 0, 1, 1, 1, 1, 1, 1, 1),1,44,6
1,(0, 0, 0, 1, 1, 1, 0, 1, 1),1,18,5
1,(0, 0, 0, 1, 0, 0, 0, 1, 0),1,27,7
1,(1, 0, 1, 0, 0, 1, 0, 0, 1),1,28,6
1,(1, 1, 0, 1, 0, 0, 1, 1, 1),1,7,4
1,(1, 0, 1, 1, 0, 1, 0, 0, 1),1,3,5
1,(0, 1, 1, 1, 1, 1, 1, 0, 0),1,25,4
1,(0, 0, 0, 1, 0, 1, 1, 1, 1),1,2,6
1,(1, 1, 1, 0, 0, 1, 1, 1, 1),1,2,5
1,(0, 1, 0, 0, 1, 1, 1, 1, 0),1,3,6
1,(0, 1, 1, 1, 1, 0, 1, 1, 1),2,4,7
1,(1, 1, 0, 1, 1, 0, 1, 0, 0),1,2,8
1,(1, 0, 1, 1, 0, 0, 0, 0, 1),1,21,5
1,(0, 0, 1, 1, 0, 1, 1, 0, 1),1,2,5
1,(0, 0, 0, 1, 1, 0, 0, 0, 1),1,9,5
1,(1, 0, 0, 0, 0, 1, 1, 0, 0),1,4,5
1,(1, 1, 1, 0, 0, 0, 0, 1, 1),1,3,5
1,(1, 1, 1, 0, 0, 1, 0, 0, 0),1,3,5
1,(0, 0, 1, 0, 1, 0, 1, 0, 1),2,1,6
1,(0, 1, 1, 0, 1, 0, 0, 1, 1),1,2,5
1,(0, 1, 1, 0, 0, 0, 1, 1, 0),1,2,4
1,(1, 0, 1, 1, 0, 1, 1, 0, 1),1,14,3
1,(0, 0, 0, 0, 1, 1, 1, 0, 0),1,16,5
1,(0, 0, 1, 0, 1, 1, 1, 1, 1),1,3,5
1,(1, 0, 0, 1, 1, 0, 1, 1, 1),1,3,5
1,(0, 0, 0, 1, 0, 1, 1, 0, 0),1,2,7
1,(1, 0, 1, 0, 0, 0, 0, 1, 0),2,1,7
2,(0, 1, 0, 1, 1, 0, 1, 0, 1),2,1,7
2,(1, 0, 1, 1, 0, 1, 1, 1, 0),2,1,5
2,(1, 1, 0, 1, 1, 0, 0, 1, 0),1,2,3
2,(1, 1, 1, 1, 1, 0, 0, 1, 0),2,1,4
2,(1, 0, 0, 1, 1, 0, 1, 0, 1),1,2,5
2,(0, 1, 0, 0, 0, 0, 1, 1, 0),1,2,7
2,(0, 0, 0, 1, 1, 1, 1, 1, 1),1,3,6
2,(0, 1, 1, 1, 0, 1, 0, 1, 1),1,2,9
2,(1, 1, 0, 1, 1, 1, 0, 1, 1),1,4,3
2,(1, 0, 1, 0, 1, 0, 0, 0, 1),1,2,5
2,(1, 0, 1, 0, 1, 1, 0, 1, 0),1,2,7
2,(1, 1, 0, 1, 0, 0, 0, 0, 1),1,2,7
2,(1, 0, 0, 0, 0, 0, 1, 1, 1),1,2,7
2,(1, 0, 1, 0, 0, 0, 0, 0, 0),1,3,5
2,(1, 1, 1, 0, 0, 0, 0, 0, 0),2,3,5
2,(0, 0, 0, 0, 0, 1, 0, 1, 0),1,2,6
2,(0, 0, 1, 1, 0, 0, 0, 0, 1),1,2,5
2,(1, 1, 0, 0, 0, 1, 0, 1, 0),1,15,8
2,(1, 0, 1, 0, 1, 0, 0, 0, 0),2,1,7
2,(1, 0, 0, 0, 1, 1, 0, 1, 0),1,2,7
2,(0, 0, 1, 0, 1, 1, 0, 1, 0),2,1,4
2,(0, 0, 1, 1, 1, 0, 0, 0, 1),1,2,5
2,(1, 0, 1, 1, 0, 1, 0, 1, 1),1,4,8
2,(0, 1, 0, 0, 0, 0, 0, 1, 0),1,4,4
2,(1, 1, 0, 1, 1, 0, 0, 1, 1),2,1,4
2,(0, 1, 0, 1, 1, 0, 0, 1, 1),1,3,4
2,(0, 1, 1, 1, 0, 1, 1, 0, 1),1,4,5
2,(0, 0, 0, 1, 0, 0, 0, 0, 0),1,3,4
2,(1, 0, 0, 1, 0, 1, 1, 1, 0),1,7,6
2,(1, 0, 1, 1, 0, 0, 1, 0, 0),1,15,8
2,(1, 0, 1, 0, 1, 0, 0, 1, 1),2,1,7
2,(1, 1, 0, 0, 1, 0, 0, 1, 1),2,1,4
2,(0, 1, 0, 0, 0, 1, 1, 0, 1),1,3,7
2,(1, 0, 1, 0, 1, 0, 1, 1, 0),1,4,7
2,(0, 1, 1, 0, 0, 0, 0, 0, 1),1,3,7
2,(1, 0, 1, 1, 1, 0, 1, 0, 0),1,4,5
2,(0, 1, 1, 1, 0, 1, 1, 1, 1),1,4,6
2,(0, 0, 0, 0, 0, 0, 0, 1, 0),1,3,5
2,(1, 0, 0, 0, 0, 0, 0, 0, 0),2,1,6
2,(0, 0, 1, 0, 1, 1, 1, 0, 0),1,5,6
2,(1, 0, 0, 1, 0, 0, 1, 1, 0),1,4,8
2,(1, 1, 1, 0, 0, 0, 0, 1, 0),2,2,5
2,(1, 1, 1, 0, 0, 1, 0, 0, 1),1,3,5
2,(1, 1, 0, 1, 1, 1, 0, 0, 0),1,5,8
2,(1, 0, 0, 1, 0, 1, 0, 0, 0),1,13,6
2,(0, 1, 1, 1, 0, 0, 0, 0, 1),1,4,7
2,(0, 1, 1, 1, 0, 0, 0, 1, 1),1,3,7
2,(1, 1, 1, 1, 0, 1, 0, 0, 1),1,3,5
2,(1, 1, 1, 1, 0, 1, 1, 1, 0),2,3,7
2,(1, 0, 0, 1, 1, 0, 0, 0, 0),1,14,7
2,(1, 1, 1, 0, 1, 0, 1, 1, 0),1,28,7
2,(1, 0, 0, 1, 0, 1, 0, 1, 1),1,3,4
2,(1, 0, 0, 0, 0, 0, 1, 0, 0),1,3,6
2,(0, 0, 0, 0, 0, 0, 0, 0, 0),2,1,3
2,(0, 0, 0, 0, 0, 0, 1, 0, 1),2,1,8
2,(0, 0, 0, 0, 1, 0, 0, 0, 1),2,1,6
2,(0, 1, 1, 1, 0, 0, 0, 0, 0),1,5,6
2,(0, 1, 1, 1, 0, 0, 1, 1, 0),1,10,8
2,(1, 0, 0, 0, 0, 0, 0, 1, 1),1,10,6
2,(1, 0, 1, 1, 1, 1, 0, 1, 1),1,4,5
2,(1, 0, 1, 0, 0, 1, 1, 0, 1),1,15,7
2,(1, 1, 1, 0, 0, 1, 1, 0, 1),2,1,2
2,(0, 0, 1, 0, 1, 1, 0, 0, 0),2,1,6
2,(0, 1, 0, 1, 1, 1, 1, 0, 1),2,2,7
2,(0, 0, 0, 1, 1, 1, 1, 0, 1),1,3,5
2,(1, 1, 1, 1, 1, 0, 0, 1, 1),2,20,5
2,(1, 1, 0, 0, 1, 1, 1, 1, 0),1,3,7
2,(0, 0, 1, 1, 1, 1, 1, 0, 0),1,15,7
2,(1, 1, 0, 0, 1, 1, 1, 0, 1),1,13,6
2,(1, 0, 0, 1, 0, 0, 0, 1, 0),1,12,5
2,(1, 1, 1, 0, 1, 0, 1, 1, 1),1,31,6
2,(0, 0, 1, 1, 0, 0, 1, 1, 1),1,10,7
2,(1, 1, 1, 1, 0, 0, 1, 0, 1),1,7,6
2,(1, 1, 1, 0, 0, 1, 1, 0, 0),2,1,6
2,(1, 0, 1, 0, 0, 0, 0, 1, 1),1,3,5
2,(1, 0, 0, 1, 1, 1, 0, 1, 1),2,27,4
2,(1, 1, 0, 0, 0, 1, 1, 0, 1),1,32,5
2,(0, 0, 1, 1, 0, 1, 0, 0, 1),2,1,5
2,(0, 0, 1, 0, 0, 1, 0, 0, 1),1,28,7
2,(0, 0, 1, 1, 1, 0, 0, 1, 1),2,1,7
2,(0, 1, 1, 1, 1, 0, 1, 0, 1),1,3,6
2,(0, 1, 1, 0, 0, 0, 0, 0, 0),2,2,5
2,(1, 0, 1, 1, 0, 1, 1, 0, 0),1,23,6
2,(0, 1, 1, 1, 1, 1, 1, 0, 1),1,27,5
2,(1, 0, 0, 1, 1, 0, 0, 0, 1),2,51,6
2,(1, 0, 1, 1, 1, 1, 0, 0, 0),1,3,8
2,(1, 0, 0, 0, 0, 0, 1, 1, 0),1,4,5
2,(0, 0, 1, 1, 1, 1, 0, 0, 0),1,35,6
2,(0, 1, 1, 1, 1, 1, 0, 0, 0),2,20,5
2,(0, 0, 1, 0, 0, 1, 1, 0, 1),1,46,7
2,(0, 0, 1, 1, 1, 1, 1, 1, 0),1,3,7
2,(0, 0, 0, 1, 0, 1, 0, 0, 0),1,10,4
2,(1, 0, 1, 0, 1, 1, 1, 0, 1),1,10,6
2,(1, 1, 1, 0, 0, 0, 1, 1, 0),2,2,4
2,(0, 1, 1, 0, 1, 1, 0, 1, 1),1,4,6
2,(1, 0, 0, 1, 1, 1, 1, 1, 0),1,15,7
2,(0, 1, 1, 1, 1, 1, 0, 1, 0),2,1,6
2,(1, 0, 1, 1, 1, 1, 0, 1, 0),2,1,6
2,(1, 1, 0, 1, 1, 1, 0, 1, 0),2,1,6
2,(1, 0, 0, 1, 1, 1, 0, 1, 0),1,5,3
2,(0, 0, 1, 1, 0, 0, 1, 0, 1),2,1,6
2,(0, 1, 1, 0, 0, 0, 1, 0, 1),2,1,7
2,(1, 1, 0, 1, 0, 0, 1, 1, 1),2,1,7
3,(1, 1, 1, 1, 1, 0, 0, 1, 0),3,1,6
3,(0, 1, 1, 1, 1, 0, 0, 1, 0),1,3,7
3,(0, 1, 0, 0, 1, 1, 0, 1, 1),2,1,8
3,(0, 1, 0, 0, 1, 1, 1, 0, 0),2,1,5
3,(0, 1, 1, 1, 1, 0, 1, 1, 1),3,1,7
3,(1, 0, 1, 1, 1, 0, 1, 1, 1),2,1,7
3,(0, 0, 1, 1, 0, 0, 1, 0, 0),1,5,4
3,(1, 1, 1, 1, 1, 0, 1, 1, 0),2,2,6
3,(0, 1, 1, 0, 0, 1, 0, 1, 1),1,4,6
3,(1, 0, 0, 0, 1, 0, 1, 1, 1),2,2,6
3,(1, 1, 1, 1, 1, 1, 1, 1, 0),1,3,6
3,(1, 0, 1, 1, 0, 1, 1, 1, 1),2,2,6
3,(0, 1, 0, 0, 0, 0, 1, 0, 1),1,16,5
3,(0, 0, 0, 1, 1, 1, 1, 1, 0),1,4,6
3,(1, 1, 0, 1, 1, 1, 1, 0, 1),1,3,7
3,(0, 1, 1, 0, 1, 0, 0, 0, 0),2,2,8
3,(0, 1, 0, 0, 1, 0, 1, 1, 1),1,4,7
3,(1, 1, 0, 1, 0, 0, 0, 1, 1),2,2,5
3,(0, 0, 0, 0, 0, 1, 1, 0, 1),2,2,5
3,(1, 0, 0, 0, 0, 1, 0, 0, 1),2,2,9
3,(1, 1, 1, 1, 0, 0, 0, 0, 0),1,4,6
3,(0, 1, 0, 1, 0, 0, 0, 1, 0),2,1,6
3,(1, 1, 1, 1, 0, 1, 1, 1, 1),1,9,3
3,(1, 0, 1, 1, 0, 1, 0, 1, 1),2,1,5
3,(0, 1, 1, 1, 0, 0, 0, 1, 0),1,6,4
3,(1, 1, 1, 1, 0, 0, 0, 1, 0),2,1,5
3,(0, 0, 0, 0, 1, 0, 1, 1, 1),2,1,7
3,(0, 0, 0, 0, 0, 0, 1, 1, 1),2,2,7
3,(0, 0, 0, 1, 1, 0, 1, 1, 0),1,5,8
3,(1, 0, 1, 0, 1, 0, 1, 1, 1),1,5,3
3,(0, 1, 1, 0, 0, 0, 0, 1, 0),1,6,4
3,(1, 1, 0, 1, 0, 0, 0, 0, 1),2,1,7
3,(0, 1, 0, 1, 0, 0, 0, 0, 1),1,6,7
3,(1, 1, 1, 0, 0, 0, 0, 1, 1),2,1,7
3,(0, 1, 1, 0, 0, 0, 0, 1, 1),1,6,3
3,(1, 1, 1, 1, 0, 0, 0, 1, 1),1,5,4
3,(1, 1, 0, 1, 0, 1, 0, 0, 1),1,4,7
3,(1, 1, 1, 0, 0, 1, 0, 0, 1),2,1,6
3,(1, 1, 1, 0, 0, 0, 1, 0, 0),1,28,6
3,(0, 0, 0, 1, 0, 0, 1, 1, 0),2,16,6
3,(1, 0, 1, 0, 0, 0, 1, 1, 0),2,1,5
3,(1, 1, 1, 0, 1, 1, 0, 0, 0),1,12,8
3,(1, 1, 1, 0, 1, 1, 1, 0, 1),2,2,6
3,(1, 0, 1, 0, 0, 1, 0, 1, 0),1,6,6
3,(0, 1, 1, 1, 1, 0, 0, 1, 1),1,18,3
3,(1, 1, 0, 1, 0, 1, 1, 1, 0),1,4,7
3,(0, 1, 1, 0, 1, 1, 0, 0, 0),1,21,4
3,(0, 0, 1, 1, 0, 0, 0, 0, 1),2,1,3
3,(0, 1, 1, 0, 1, 1, 0, 0, 1),1,32,7
3,(1, 1, 1, 0, 0, 1, 1, 1, 1),2,1,6
3,(1, 0, 0, 0, 1, 0, 0, 0, 1),1,6,6
3,(0, 1, 1, 0, 0, 1, 1, 0, 0),1,6,8
3,(1, 1, 0, 0, 0, 1, 0, 1, 1),2,2,8
3,(1, 1, 1, 0, 0, 1, 1, 1, 0),2,1,4
3,(0, 0, 1, 0, 0, 1, 1, 1, 0),1,9,8
3,(1, 1, 0, 1, 1, 1, 0, 0, 0),2,1,8
3,(1, 1, 0, 1, 1, 0, 1, 1, 1),2,2,7
3,(1, 1, 0, 0, 1, 0, 0, 1, 1),3,1,8
3,(0, 1, 0, 0, 1, 0, 0, 1, 1),2,2,5
3,(1, 1, 0, 1, 1, 0, 0, 0, 0),1,7,6
3,(0, 0, 1, 0, 0, 0, 0, 0, 0),1,4,9
3,(0, 1, 0, 1, 0, 1, 0, 1, 0),1,10,8
3,(1, 0, 1, 0, 1, 1, 1, 0, 0),1,11,6
3,(1, 1, 0, 0, 1, 1, 0, 1, 1),1,36,5
3,(1, 0, 1, 0, 1, 1, 0, 0, 1),1,4,7
3,(0, 1, 0, 0, 1, 0, 0, 1, 0),2,2,7
3,(1, 1, 0, 1, 1, 1, 0, 1, 1),2,1,6
3,(1, 0, 1, 1, 1, 1, 0, 1, 1),2,1,4
3,(0, 0, 1, 1, 1, 1, 0, 1, 1),1,28,8
3,(1, 1, 0, 1, 0, 1, 1, 1, 1),1,5,6
3,(0, 1, 1, 1, 0, 1, 1, 0, 1),2,1,6
3,(0, 0, 1, 1, 0, 1, 1, 0, 1),2,2,5
3,(0, 1, 1, 0, 0, 1, 1, 0, 1),2,38,4
3,(1, 0, 1, 0, 1, 1, 0, 1, 1),1,6,6
3,(1, 0, 1, 1, 1, 1, 1, 1, 0),2,2,4
3,(1, 1, 1, 0, 1, 1, 1, 1, 0),1,11,6
3,(0, 0, 1, 0, 1, 0, 1, 0, 1),3,1,7
3,(0, 1, 0, 1, 0, 1, 0, 0, 0),2,3,7
3,(0, 0, 0, 1, 0, 1, 1, 1, 0),1,11,6
3,(1, 0, 0, 1, 0, 1, 1, 1, 0),2,1,5
3,(1, 1, 0, 0, 1, 1, 1, 1, 0),2,1,5
3,(0, 0, 0, 1, 0, 1, 1, 0, 0),2,1,6
3,(1, 0, 0, 0, 1, 0, 0, 0, 0),1,6,6
3,(0, 1, 1, 1, 1, 1, 0, 1, 0),3,1,6
3,(1, 0, 1, 0, 1, 0, 1, 1, 0),2,1,7
3,(0, 0, 0, 0, 1, 0, 1, 1, 0),1,4,7
3,(0, 0, 1, 0, 0, 0, 0, 0, 1),1,8,5
3,(1, 1, 0, 0, 0, 1, 1, 1, 0),2,85,5
3,(0, 1, 0, 0, 0, 1, 1, 1, 0),1,8,6
3,(1, 0, 0, 1, 0, 0, 1, 1, 1),1,5,4
3,(1, 0, 1, 0, 0, 1, 1, 0, 1),2,1,6
3,(0, 1, 1, 1, 0, 1, 1, 1, 1),2,1,7
3,(1, 1, 0, 1, 1, 1, 0, 1, 0),3,1,5
3,(0, 1, 1, 0, 1, 1, 0, 1, 0),2,1,5
4,(0, 0, 1, 0, 1, 1, 1, 1, 1),2,2,9
4,(0, 1, 0, 1, 0, 1, 1, 0, 0),1,4,6
4,(1, 0, 1, 1, 0, 1, 0, 0, 1),2,2,7
4,(0, 1, 0, 1, 0, 0, 0, 0, 0),2,3,3
4,(0, 0, 0, 1, 0, 1, 0, 1, 1),1,5,9
4,(0, 0, 0, 1, 0, 1, 1, 1, 1),2,2,7
4,(1, 1, 0, 1, 0, 1, 0, 1, 0),1,5,6
4,(0, 1, 1, 1, 1, 0, 1, 0, 1),2,1,6
4,(0, 0, 0, 0, 0, 1, 1, 1, 1),2,2,6
4,(0, 1, 0, 0, 0, 0, 0, 1, 1),3,3,7
4,(1, 1, 1, 0, 0, 0, 1, 1, 1),2,4,6
4,(1, 0, 0, 0, 0, 0, 0, 0, 1),1,5,7
4,(0, 0, 0, 0, 0, 1, 0, 1, 1),1,7,7
4,(0, 0, 1, 1, 1, 0, 1, 1, 0),2,5,7
4,(0, 1, 0, 0, 1, 1, 0, 0, 0),1,6,7
4,(1, 0, 1, 0, 0, 1, 0, 0, 0),2,3,8
4,(0, 1, 0, 1, 0, 1, 1, 1, 0),1,9,4
4,(1, 1, 0, 1, 1, 0, 0, 0, 1),1,10,6
4,(0, 1, 1, 1, 0, 1, 1, 0, 0),1,9,5
4,(1, 0, 0, 1, 0, 0, 0, 0, 1),1,24,7
4,(0, 0, 1, 1, 0, 1, 0, 1, 0),1,5,9
4,(1, 1, 1, 1, 0, 0, 0, 0, 1),2,4,5
4,(0, 1, 1, 1, 0, 1, 1, 1, 0),1,6,6
4,(1, 1, 1, 1, 0, 0, 1, 0, 0),1,6,5
4,(0, 0, 0, 0, 1, 0, 1, 0, 0),2,2,7
4,(0, 0, 1, 1, 0, 0, 1, 0, 0),2,1,5
4,(0, 1, 1, 1, 0, 0, 1, 0, 1),1,6,4
4,(1, 1, 1, 1, 0, 0, 0, 0, 0),2,1,5
4,(0, 0, 0, 0, 0, 0, 0, 1, 0),2,1,8
4,(0, 1, 0, 0, 0, 0, 0, 0, 0),2,1,7
4,(1, 0, 0, 0, 0, 0, 0, 0, 0),3,1,5
4,(0, 0, 0, 0, 0, 0, 1, 0, 1),3,2,9
4,(1, 0, 0, 1, 0, 0, 1, 0, 0),1,8,8
4,(0, 1, 0, 0, 1, 0, 1, 1, 0),1,5,7
4,(1, 1, 0, 0, 0, 1, 0, 0, 1),2,3,7
4,(1, 0, 0, 1, 1, 1, 0, 0, 1),1,6,8
4,(1, 1, 1, 0, 1, 0, 1, 0, 0),1,5,8
4,(1, 1, 0, 1, 1, 1, 1, 1, 1),3,4,5
4,(1, 1, 1, 0, 1, 1, 0, 1, 0),1,21,6
4,(1, 0, 1, 0, 1, 0, 1, 1, 1),2,1,7
4,(1, 0, 1, 0, 0, 0, 1, 1, 1),1,6,7
4,(0, 1, 1, 0, 1, 1, 0, 0, 1),2,1,8
4,(1, 1, 1, 0, 1, 1, 1, 1, 0),2,1,1
4,(0, 0, 1, 0, 1, 1, 0, 0, 1),2,4,7
4,(0, 0, 0, 0, 1, 1, 0, 0, 1),1,5,8
4,(0, 0, 0, 1, 1, 1, 0, 0, 1),2,5,7
4,(0, 0, 1, 1, 1, 1, 1, 1, 0),2,1,4
4,(1, 1, 1, 0, 0, 1, 0, 1, 1),1,12,7
4,(1, 1, 0, 1, 1, 1, 0, 0, 0),3,1,1
4,(1, 0, 0, 0, 1, 0, 1, 0, 1),1,28,7
4,(1, 1, 0, 1, 0, 0, 1, 1, 0),1,5,8
4,(0, 0, 1, 1, 0, 0, 0, 1, 1),1,5,9
4,(0, 1, 0, 1, 1, 0, 1, 1, 1),1,6,7
4,(1, 0, 1, 0, 1, 0, 0, 1, 1),3,2,6
4,(0, 1, 0, 1, 1, 0, 0, 1, 1),2,2,8
4,(1, 1, 1, 1, 0, 0, 1, 1, 0),1,8,7
4,(1, 1, 1, 1, 0, 0, 1, 1, 1),1,33,5
4,(1, 1, 0, 0, 1, 0, 0, 1, 0),2,2,8
4,(0, 1, 1, 1, 1, 1, 0, 1, 1),2,6,7
4,(0, 0, 1, 1, 1, 0, 0, 1, 0),2,3,8
4,(1, 1, 1, 1, 0, 1, 1, 0, 1),2,2,7
4,(0, 1, 0, 1, 1, 0, 0, 1, 0),2,3,6
4,(1, 1, 0, 1, 1, 0, 0, 1, 0),2,2,5
4,(1, 1, 1, 1, 0, 1, 1, 0, 0),1,60,5
4,(1, 0, 0, 1, 0, 0, 0, 1, 1),2,3,6
4,(1, 0, 1, 1, 0, 1, 1, 0, 1),2,2,4
4,(1, 0, 1, 1, 1, 0, 0, 0, 1),1,18,8
4,(0, 0, 0, 0, 1, 0, 1, 0, 1),1,5,5
4,(0, 0, 0, 0, 1, 1, 1, 0, 0),2,2,8
4,(1, 0, 1, 1, 1, 0, 0, 0, 0),1,6,8
4,(0, 1, 1, 1, 1, 1, 0, 1, 0),4,1,4
4,(1, 1, 1, 0, 0, 0, 0, 1, 0),3,1,2
4,(0, 0, 0, 0, 1, 1, 1, 1, 0),2,3,7
4,(0, 0, 0, 1, 1, 1, 1, 1, 0),2,1,4
4,(0, 0, 0, 1, 1, 0, 1, 0, 1),1,9,8
4,(1, 0, 0, 1, 1, 0, 1, 0, 1),2,1,5
4,(0, 1, 0, 1, 1, 1, 0, 0, 1),1,33,8
4,(1, 1, 0, 1, 0, 0, 0, 0, 0),1,34,6
4,(0, 1, 1, 1, 1, 1, 0, 0, 1),1,5,5
4,(1, 1, 0, 1, 0, 0, 1, 0, 0),1,5,5
4,(0, 1, 1, 0, 1, 0, 1, 1, 1),1,24,7
4,(0, 0, 1, 1, 1, 1, 0, 1, 1),2,1,1
4,(0, 1, 0, 0, 1, 1, 0, 1, 1),3,76,7
4,(0, 0, 1, 1, 1, 0, 1, 1, 1),2,7,6
4,(1, 0, 0, 0, 0, 0, 0, 1, 0),1,7,4
4,(1, 1, 1, 1, 1, 0, 1, 0, 0),1,173,6
4,(1, 1, 0, 0, 1, 1, 0, 1, 0),1,25,3
4,(1, 0, 1, 1, 0, 0, 1, 1, 0),2,7,6
4,(0, 0, 1, 1, 0, 0, 1, 1, 0),1,11,5
4,(0, 1, 1, 1, 0, 0, 1, 1, 0),2,8,5
4,(1, 1, 0, 0, 0, 1, 0, 1, 0),2,2,5
4,(0, 0, 1, 1, 0, 1, 1, 1, 1),1,9,4
4,(0, 0, 1, 1, 1, 1, 1, 1, 1),2,4,4
4,(0, 1, 1, 0, 1, 0, 0, 0, 0),3,2,8
4,(1, 0, 1, 1, 1, 1, 1, 1, 1),2,4,5
4,(0, 0, 1, 0, 1, 0, 0, 0, 0),1,7,6
4,(1, 0, 1, 0, 1, 0, 0, 0, 0),3,3,5
5,(0, 0, 0, 1, 1, 1, 0, 0, 0),1,5,6
5,(1, 0, 0, 0, 0, 1, 1, 1, 1),1,5,8
5,(0, 1, 0, 0, 0, 0, 1, 0, 0),1,5,7
5,(1, 1, 0, 0, 0, 0, 1, 0, 0),2,3,5
5,(0, 0, 1, 0, 1, 1, 0, 1, 0),3,7,6
5,(1, 0, 1, 0, 1, 1, 0, 1, 0),2,2,5
5,(0, 1, 1, 1, 0, 1, 0, 0, 1),1,5,6
5,(0, 0, 0, 0, 1, 1, 1, 1, 1),1,5,6
5,(1, 0, 0, 0, 1, 1, 0, 0, 1),1,11,5
5,(0, 0, 0, 1, 0, 1, 1, 0, 1),2,3,8
5,(0, 1, 0, 1, 0, 1, 0, 0, 0),3,1,6
5,(0, 0, 1, 1, 0, 1, 0, 0, 1),3,2,8
5,(1, 0, 1, 1, 0, 1, 0, 0, 1),3,1,7
5,(0, 1, 0, 1, 1, 1, 1, 1, 0),1,6,7
5,(1, 1, 1, 0, 1, 1, 0, 1, 1),1,7,5
5,(0, 1, 1, 0, 0, 0, 0, 1, 1),2,1,7
5,(0, 0, 1, 0, 0, 0, 0, 1, 1),1,7,6
5,(1, 1, 1, 1, 1, 0, 0, 0, 1),2,4,6
5,(0, 0, 1, 0, 0, 0, 1, 1, 1),1,18,7
5,(0, 1, 1, 1, 0, 1, 0, 1, 0),1,7,4
5,(1, 1, 0, 0, 1, 1, 1, 0, 0),2,2,9
5,(1, 0, 1, 1, 0, 0, 0, 1, 0),1,7,8
5,(1, 0, 0, 1, 0, 0, 1, 1, 1),2,1,8
5,(0, 1, 0, 0, 1, 0, 1, 1, 1),2,2,5
5,(1, 0, 0, 0, 1, 0, 1, 1, 1),3,2,6
5,(0, 0, 0, 0, 0, 1, 1, 1, 1),3,1,6
5,(0, 0, 0, 0, 0, 0, 1, 1, 1),3,2,6
5,(0, 0, 0, 0, 0, 1, 0, 1, 0),2,3,7
5,(1, 1, 0, 1, 1, 0, 0, 1, 1),3,3,3
5,(1, 0, 0, 1, 1, 0, 0, 1, 1),1,7,7
5,(1, 0, 0, 1, 1, 1, 1, 1, 1),1,8,7
5,(1, 1, 1, 1, 1, 0, 0, 0, 0),1,8,4
5,(1, 0, 1, 1, 0, 0, 0, 0, 1),2,3,5
5,(1, 1, 0, 0, 0, 0, 1, 1, 0),1,7,6
5,(1, 1, 1, 1, 0, 1, 1, 1, 0),3,2,4
5,(1, 0, 0, 1, 1, 0, 0, 1, 0),1,8,7
5,(1, 1, 1, 0, 0, 1, 0, 0, 1),3,2,7
5,(0, 0, 1, 0, 0, 1, 1, 1, 0),2,1,9
5,(0, 0, 0, 0, 1, 0, 1, 1, 0),2,1,6
5,(0, 0, 0, 1, 1, 0, 0, 0, 0),2,1,8
5,(0, 0, 0, 0, 0, 0, 0, 1, 0),3,1,7
5,(0, 1, 0, 0, 0, 0, 0, 0, 0),3,1,8
5,(0, 0, 1, 0, 0, 0, 0, 0, 0),2,1,7
5,(0, 0, 0, 0, 0, 1, 1, 0, 1),3,2,6
5,(0, 0, 0, 0, 0, 0, 1, 0, 1),4,1,6
5,(1, 1, 1, 1, 1, 0, 1, 0, 1),1,6,6
5,(0, 0, 0, 0, 1, 0, 0, 0, 1),3,2,7
5,(1, 0, 0, 0, 1, 0, 0, 0, 1),2,1,6
5,(1, 0, 0, 0, 1, 1, 1, 0, 1),2,9,7
5,(1, 0, 1, 0, 1, 1, 1, 0, 1),2,2,5
5,(1, 0, 1, 1, 1, 0, 1, 1, 0),1,19,4
5,(1, 1, 1, 0, 1, 1, 1, 0, 1),3,2,8
5,(0, 1, 0, 0, 0, 1, 0, 0, 1),1,12,8
5,(0, 0, 1, 0, 1, 1, 0, 0, 0),3,2,6
5,(0, 1, 0, 0, 1, 1, 0, 0, 0),2,1,8
5,(0, 1, 1, 1, 1, 1, 1, 0, 1),2,2,8
5,(0, 1, 1, 1, 0, 1, 0, 0, 0),3,3,5
5,(0, 0, 1, 1, 1, 0, 0, 0, 1),2,2,8
5,(0, 1, 0, 1, 0, 0, 0, 0, 1),2,2,9
5,(1, 0, 0, 1, 0, 0, 0, 0, 1),2,1,7
5,(0, 1, 0, 0, 0, 1, 0, 0, 0),1,7,5
5,(1, 1, 1, 0, 0, 1, 0, 0, 0),2,3,5
5,(1, 1, 1, 1, 0, 0, 1, 0, 0),2,1,2
5,(0, 1, 1, 0, 1, 1, 1, 1, 0),1,9,7
5,(0, 1, 1, 0, 1, 1, 0, 0, 1),3,1,7
5,(0, 1, 0, 0, 1, 1, 0, 0, 1),2,9,3
5,(1, 1, 1, 0, 0, 1, 1, 1, 0),3,2,5
5,(1, 1, 0, 1, 1, 1, 1, 1, 0),1,6,5
5,(1, 0, 1, 1, 1, 0, 0, 1, 1),1,6,5
5,(1, 0, 0, 1, 1, 1, 1, 0, 1),1,6,5
5,(1, 0, 1, 1, 0, 0, 1, 0, 0),2,1,5
5,(1, 0, 1, 0, 0, 0, 1, 0, 0),1,70,7
5,(1, 1, 1, 0, 0, 0, 1, 0, 1),2,4,7
5,(1, 0, 1, 0, 0, 0, 1, 0, 1),1,6,5
5,(0, 1, 1, 0, 1, 0, 1, 0, 0),2,5,8
5,(0, 1, 1, 0, 1, 0, 0, 1, 1),2,3,7
5,(0, 0, 1, 0, 1, 0, 0, 1, 1),2,4,6
5,(0, 0, 0, 0, 1, 0, 0, 1, 1),1,7,7
5,(1, 0, 0, 1, 0, 1, 1, 0, 1),1,27,6
5,(0, 1, 1, 1, 1, 0, 1, 0, 0),2,5,7
5,(0, 0, 1, 1, 1, 0, 0, 1, 0),3,18,8
5,(0, 0, 0, 1, 0, 0, 0, 1, 1),1,7,8
5,(1, 1, 1, 0, 0, 1, 1, 0, 1),3,3,2
5,(0, 1, 1, 1, 1, 1, 1, 1, 0),2,4,4
5,(1, 0, 1, 1, 1, 1, 1, 1, 0),3,1,6
5,(1, 0, 0, 0, 1, 1, 1, 1, 0),1,7,8
5,(0, 0, 1, 0, 1, 1, 1, 0, 0),2,2,7
5,(0, 0, 0, 0, 0, 1, 1, 0, 0),1,7,8
5,(0, 1, 0, 1, 0, 1, 1, 0, 0),2,1,6
5,(0, 0, 1, 0, 0, 0, 0, 1, 0),1,6,6
5,(1, 1, 0, 0, 1, 1, 1, 1, 0),3,2,3
5,(0, 1, 1, 0, 1, 0, 0, 0, 1),2,10,5
5,(0, 1, 1, 0, 0, 0, 1, 0, 1),3,2,5
5,(0, 1, 1, 0, 1, 1, 0, 1, 1),2,3,4
5,(1, 0, 0, 1, 1, 1, 0, 1, 1),3,20,6
5,(0, 0, 0, 0, 1, 1, 0, 1, 1),1,54,4
5,(0, 0, 1, 0, 0, 1, 1, 0, 0),1,18,6
5,(1, 1, 1, 1, 1, 0, 1, 1, 0),3,33,6
5,(1, 1, 0, 0, 0, 1, 1, 1, 1),2,21,7
5,(1, 0, 1, 1, 0, 0, 1, 1, 1),1,83,4
5,(1, 0, 1, 0, 0, 1, 1, 0, 0),1,41,5
5,(1, 0, 0, 1, 0, 0, 0, 0, 0),1,47,6
5,(0, 1, 1, 1, 1, 0, 1, 1, 0),1,95,5
5,(1, 0, 0, 0, 1, 0, 0, 1, 0),1,29,6
5,(1, 0, 1, 0, 1, 0, 0, 1, 0),1,20,5
5,(1, 1, 1, 0, 1, 0, 0, 1, 0),2,13,5
5,(0, 0, 1, 1, 0, 1, 1, 0, 0),1,6,7
5,(0, 1, 0, 0, 1, 1, 1, 0, 1),1,11,8
6,(0, 1, 1, 0, 0, 0, 1, 0, 0),2,10,6
6,(1, 1, 1, 0, 0, 0, 1, 0, 0),2,1,3
6,(0, 0, 1, 1, 0, 1, 1, 0, 1),3,2,5
6,(0, 0, 0, 0, 0, 1, 0, 0, 1),1,8,6
6,(1, 1, 0, 1, 1, 0, 1, 0, 1),1,8,5
6,(1, 0, 1, 0, 0, 0, 0, 1, 1),2,15,6
6,(1, 0, 0, 0, 1, 0, 1, 1, 0),1,33,5
6,(1, 1, 1, 0, 0, 1, 0, 1, 1),2,1,7
6,(0, 0, 1, 0, 0, 1, 0, 1, 1),1,7,7
6,(1, 1, 0, 0, 0, 1, 1, 0, 0),1,8,5
6,(0, 0, 0, 1, 0, 1, 1, 1, 1),3,2,7
6,(1, 0, 1, 1, 0, 1, 1, 1, 1),3,1,1
6,(1, 0, 0, 1, 0, 0, 1, 1, 1),3,1,7
6,(0, 0, 1, 1, 0, 0, 1, 1, 1),2,3,5
6,(1, 1, 0, 0, 0, 0, 1, 1, 1),2,3,7
6,(0, 1, 0, 0, 0, 0, 0, 1, 1),4,1,8
6,(0, 1, 0, 0, 0, 0, 0, 1, 0),2,3,6
6,(1, 0, 0, 0, 1, 0, 1, 0, 0),1,7,8
6,(1, 1, 0, 1, 1, 0, 0, 0, 1),2,1,7
6,(1, 1, 0, 0, 1, 1, 1, 1, 1),2,5,5
6,(1, 1, 0, 1, 0, 0, 0, 0, 1),3,28,4
6,(0, 1, 0, 1, 0, 0, 1, 0, 1),1,10,7
6,(0, 0, 1, 1, 0, 0, 1, 0, 0),3,1,6
6,(0, 0, 0, 1, 0, 0, 1, 0, 0),2,4,8
6,(1, 1, 0, 0, 0, 0, 1, 0, 0),3,1,5
6,(1, 0, 0, 0, 0, 0, 1, 0, 0),2,3,6
6,(0, 0, 0, 0, 1, 0, 1, 0, 0),3,2,6
6,(1, 1, 1, 0, 0, 0, 1, 1, 0),3,3,4
6,(0, 0, 1, 0, 0, 0, 1, 1, 0),2,8,5
6,(1, 0, 0, 1, 0, 1, 1, 1, 0),3,1,8
6,(0, 0, 0, 0, 1, 1, 1, 1, 0),3,1,7
6,(0, 0, 1, 1, 0, 0, 1, 1, 0),2,1,5
6,(1, 0, 0, 0, 0, 0, 1, 1, 0),2,3,5
6,(1, 0, 1, 1, 0, 0, 0, 0, 0),1,13,4
6,(0, 0, 0, 0, 0, 1, 0, 0, 0),2,3,5
6,(1, 0, 0, 0, 1, 0, 0, 0, 0),2,2,6
6,(0, 0, 0, 1, 1, 0, 0, 0, 0),3,1,8
6,(0, 0, 0, 0, 1, 0, 0, 0, 0),2,3,5
6,(0, 1, 0, 1, 0, 0, 0, 0, 0),3,2,7
6,(1, 0, 0, 0, 0, 0, 0, 0, 0),4,2,5
6,(0, 1, 0, 0, 0, 1, 1, 0, 1),2,2,6
6,(0, 0, 0, 1, 0, 0, 1, 0, 1),2,4,6
6,(0, 0, 0, 0, 0, 0, 0, 0, 1),1,8,7
6,(1, 0, 0, 0, 0, 0, 0, 0, 1),2,2,5
6,(0, 0, 0, 0, 1, 1, 1, 0, 1),1,8,5
6,(1, 1, 0, 0, 0, 0, 0, 1, 0),1,16,4
6,(1, 1, 0, 0, 1, 0, 0, 0, 1),1,14,7
6,(0, 0, 1, 0, 1, 1, 1, 0, 1),2,7,6
6,(0, 1, 0, 0, 0, 0, 0, 0, 1),1,11,5
6,(0, 0, 1, 0, 1, 1, 0, 0, 0),4,1,7
6,(1, 1, 0, 1, 1, 1, 1, 1, 1),4,1,5
6,(1, 1, 1, 1, 1, 0, 0, 1, 0),4,5,6
6,(1, 0, 1, 1, 1, 1, 1, 0, 0),2,5,8
6,(0, 0, 1, 1, 0, 0, 0, 0, 1),3,3,9
6,(1, 0, 1, 1, 0, 0, 0, 0, 1),3,1,3
6,(1, 0, 0, 1, 0, 0, 0, 0, 1),3,1,4
6,(1, 0, 0, 0, 0, 1, 0, 1, 1),1,29,8
6,(1, 1, 0, 1, 1, 0, 0, 1, 0),3,1,4
6,(0, 1, 1, 0, 1, 1, 1, 1, 0),2,2,6
6,(1, 1, 1, 0, 0, 1, 1, 1, 0),4,1,5
6,(1, 1, 0, 1, 1, 1, 0, 0, 1),1,43,7
6,(1, 1, 1, 0, 1, 0, 1, 0, 0),2,2,6
6,(0, 1, 1, 1, 0, 0, 0, 1, 1),2,16,8
6,(0, 0, 1, 1, 1, 0, 0, 1, 1),3,4,5
6,(0, 1, 0, 1, 1, 0, 0, 1, 1),3,2,8
6,(0, 0, 1, 0, 0, 1, 0, 0, 0),2,5,6
6,(0, 1, 1, 1, 0, 0, 0, 0, 0),2,3,8
6,(1, 0, 1, 0, 0, 0, 0, 0, 0),2,18,6
6,(0, 0, 0, 0, 1, 0, 0, 1, 0),1,47,6
6,(1, 0, 1, 1, 1, 0, 1, 0, 0),2,4,6
6,(0, 1, 1, 1, 1, 0, 0, 1, 0),2,3,5
6,(1, 0, 0, 1, 1, 0, 0, 1, 0),2,1,7
6,(1, 1, 1, 1, 1, 1, 1, 1, 0),2,3,3
6,(1, 0, 0, 1, 1, 1, 1, 1, 0),2,4,5
6,(0, 1, 0, 0, 1, 1, 1, 0, 0),3,3,8
6,(1, 0, 0, 0, 0, 1, 1, 0, 0),2,5,5
6,(0, 0, 1, 1, 1, 1, 0, 1, 0),1,22,7
6,(0, 1, 1, 0, 0, 0, 0, 1, 0),2,3,6
6,(1, 0, 1, 0, 1, 0, 1, 1, 0),3,2,7
6,(0, 0, 1, 0, 1, 0, 1, 1, 0),2,5,7
6,(0, 0, 1, 0, 1, 0, 0, 0, 1),2,9,6
6,(0, 1, 0, 1, 0, 0, 1, 1, 0),1,7,8
6,(0, 0, 0, 1, 1, 1, 1, 0, 0),1,7,9
6,(1, 0, 1, 1, 0, 1, 1, 1, 0),3,5,5
6,(1, 1, 1, 1, 0, 1, 1, 1, 0),4,1,3
6,(0, 0, 1, 1, 0, 1, 1, 1, 0),1,7,5
6,(1, 0, 1, 0, 1, 1, 1, 1, 1),1,72,7
6,(1, 0, 1, 1, 1, 1, 0, 0, 1),1,31,6
6,(1, 0, 1, 0, 1, 0, 1, 0, 0),1,8,4
6,(1, 1, 0, 1, 0, 1, 0, 0, 0),1,8,9
6,(1, 1, 1, 1, 1, 1, 0, 0, 1),2,5,7
6,(1, 1, 0, 0, 1, 1, 0, 1, 1),2,1,6
6,(1, 0, 0, 0, 1, 1, 0, 1, 1),2,5,4
6,(0, 0, 1, 1, 1, 1, 0, 1, 1),3,1,7
6,(1, 0, 0, 1, 1, 1, 0, 1, 1),4,1,1
6,(1, 0, 1, 1, 1, 1, 0, 1, 1),3,80,5
6,(0, 1, 1, 1, 1, 0, 1, 1, 1),4,18,8
6,(0, 1, 0, 1, 0, 0, 1, 0, 0),1,11,4
6,(1, 0, 1, 1, 1, 0, 1, 1, 1),3,2,7
6,(1, 1, 1, 0, 1, 1, 1, 0, 0),1,39,7
6,(1, 1, 0, 1, 0, 1, 1, 0, 0),1,40,4
6,(1, 0, 0, 0, 1, 0, 1, 0, 1),2,2,4
6,(0, 0, 1, 1, 0, 0, 0, 1, 0),1,7,7
6,(1, 0, 1, 1, 0, 0, 0, 1, 0),2,1,7
6,(0, 1, 1, 1, 0, 1, 1, 0, 0),2,2,7
6,(1, 0, 1, 1, 0, 1, 1, 0, 0),2,10,4
6,(0, 1, 0, 1, 0, 0, 1, 1, 1),2,25,7
6,(0, 0, 1, 1, 1, 1, 0, 0, 0),2,16,7
7,(1, 0, 1, 0, 1, 1, 0, 1, 0),3,1,6
7,(0, 1, 0, 0, 1, 1, 0, 1, 0),2,6,8
7,(1, 0, 1, 1, 1, 1, 1, 1, 1),3,1,3
7,(0, 0, 1, 1, 1, 1, 1, 1, 1),3,2,6
7,(1, 0, 0, 1, 1, 1, 1, 1, 1),2,1,4
7,(0, 0, 0, 1, 1, 1, 1, 1, 1),2,5,6
7,(1, 1, 1, 1, 0, 1, 1, 0, 1),3,4,8
7,(0, 1, 1, 0, 1, 1, 0, 0, 1),4,1,6
7,(0, 0, 0, 0, 1, 1, 0, 0, 1),2,2,5
7,(1, 0, 0, 0, 0, 1, 0, 0, 1),3,4,6
7,(0, 0, 0, 1, 0, 1, 0, 0, 0),2,4,8
7,(0, 0, 1, 1, 0, 1, 0, 0, 1),4,2,7
7,(1, 1, 1, 0, 0, 0, 0, 1, 1),3,3,6
7,(0, 1, 1, 1, 0, 1, 0, 1, 1),2,26,7
7,(0, 0, 1, 1, 0, 1, 0, 1, 1),2,7,5
7,(0, 0, 0, 1, 0, 1, 1, 1, 1),4,1,7
7,(1, 0, 0, 0, 0, 1, 1, 1, 1),2,1,7
7,(1, 0, 0, 0, 0, 0, 1, 1, 1),2,5,5
7,(1, 0, 0, 0, 1, 0, 1, 1, 1),4,2,6
7,(1, 0, 0, 0, 0, 0, 0, 1, 1),2,4,4
7,(0, 0, 1, 0, 0, 0, 0, 1, 1),2,2,8
7,(0, 1, 0, 1, 1, 0, 0, 0, 1),2,5,7
7,(1, 0, 0, 0, 0, 1, 0, 0, 0),2,12,5
7,(1, 1, 0, 0, 0, 0, 1, 0, 0),4,1,6
7,(0, 0, 1, 0, 0, 0, 1, 0, 0),2,5,6
7,(0, 0, 1, 1, 1, 1, 1, 1, 0),3,1,4
7,(0, 0, 1, 0, 0, 1, 1, 1, 0),3,5,6
7,(0, 0, 0, 1, 1, 0, 0, 0, 0),4,1,8
7,(0, 1, 0, 1, 0, 0, 0, 0, 0),4,1,7
7,(0, 1, 0, 0, 0, 0, 0, 1, 0),3,1,6
7,(0, 0, 0, 0, 0, 1, 0, 0, 0),3,1,5
7,(0, 1, 1, 1, 0, 0, 1, 0, 1),2,3,8
7,(0, 0, 0, 0, 0, 0, 1, 0, 1),5,3,8
7,(0, 1, 0, 0, 1, 1, 0, 0, 0),3,2,7
7,(0, 0, 0, 0, 1, 1, 0, 0, 0),1,8,6
7,(1, 0, 1, 0, 1, 1, 0, 0, 0),1,10,8
7,(1, 0, 1, 1, 1, 0, 0, 1, 0),2,28,5
7,(0, 0, 1, 1, 0, 1, 0, 0, 0),1,15,4
7,(0, 1, 0, 1, 0, 0, 0, 0, 1),3,2,6
7,(1, 1, 1, 1, 1, 1, 0, 0, 0),1,34,8
7,(1, 0, 1, 0, 1, 1, 1, 1, 0),1,32,3
7,(1, 1, 0, 1, 0, 0, 0, 1, 0),2,6,7
7,(1, 1, 0, 1, 0, 1, 0, 1, 0),2,3,7
7,(1, 1, 1, 0, 0, 1, 0, 0, 0),3,2,9
7,(0, 1, 1, 0, 0, 1, 1, 1, 1),2,9,9
7,(0, 0, 1, 1, 1, 0, 0, 0, 0),1,11,7
7,(1, 1, 0, 1, 1, 0, 0, 0, 0),2,3,8
7,(1, 1, 0, 1, 1, 1, 0, 0, 0),4,2,5
7,(1, 0, 1, 0, 1, 0, 1, 0, 1),2,5,6
7,(1, 0, 1, 1, 1, 0, 0, 1, 1),2,2,5
7,(0, 1, 1, 1, 1, 0, 0, 1, 1),2,4,4
7,(1, 0, 1, 0, 0, 1, 0, 0, 0),3,3,3
7,(0, 0, 1, 1, 0, 0, 0, 0, 0),3,5,5
7,(0, 1, 1, 0, 1, 0, 1, 0, 1),1,16,8
7,(0, 1, 1, 1, 1, 1, 0, 1, 1),3,14,5
7,(0, 0, 1, 1, 1, 0, 0, 1, 0),4,2,5
7,(0, 0, 1, 1, 0, 0, 0, 1, 1),2,3,5
7,(0, 1, 0, 0, 1, 0, 1, 0, 1),2,6,7
7,(1, 0, 1, 0, 1, 1, 1, 0, 0),2,3,2
7,(0, 1, 0, 0, 1, 1, 1, 0, 0),4,1,7
7,(0, 1, 0, 1, 0, 1, 1, 0, 0),3,1,6
7,(0, 1, 1, 1, 1, 1, 0, 1, 0),5,3,6
7,(1, 1, 0, 0, 1, 1, 1, 1, 0),4,1,6
7,(1, 0, 1, 1, 1, 0, 1, 1, 0),2,2,3
7,(0, 1, 1, 1, 1, 1, 1, 0, 0),2,4,7
7,(1, 1, 1, 0, 0, 0, 1, 0, 1),3,1,8
7,(1, 0, 0, 1, 1, 1, 1, 0, 0),2,8,7
7,(1, 1, 1, 0, 1, 0, 1, 1, 1),2,28,9
7,(1, 0, 1, 0, 1, 1, 0, 1, 1),2,3,5
7,(0, 0, 1, 0, 1, 1, 0, 1, 1),2,21,7
7,(1, 1, 0, 0, 1, 0, 1, 0, 0),1,29,6
7,(1, 1, 1, 1, 1, 0, 1, 1, 1),2,3,5
7,(1, 1, 0, 1, 1, 1, 1, 0, 0),1,207,6
7,(1, 0, 0, 1, 1, 0, 1, 1, 1),2,54,5
7,(1, 1, 1, 1, 1, 1, 1, 0, 0),1,24,5
7,(1, 0, 0, 0, 0, 0, 1, 0, 1),1,13,5
7,(1, 0, 0, 1, 0, 0, 1, 0, 1),2,24,7
7,(1, 0, 0, 0, 0, 1, 1, 0, 1),2,14,5
7,(1, 1, 0, 0, 0, 1, 1, 0, 1),2,25,8
7,(1, 1, 0, 0, 1, 0, 1, 1, 1),2,10,5
7,(1, 0, 1, 1, 1, 1, 0, 0, 0),2,22,5
7,(1, 0, 0, 0, 1, 1, 0, 1, 0),2,15,5
7,(1, 1, 0, 1, 1, 1, 0, 1, 0),4,13,6
7,(1, 1, 0, 1, 1, 1, 0, 0, 1),2,1,6
7,(1, 0, 0, 0, 1, 0, 0, 0, 1),3,1,4
7,(0, 1, 0, 1, 0, 0, 1, 1, 1),3,1,8
7,(1, 1, 0, 0, 0, 0, 1, 1, 1),3,1,6
7,(1, 0, 0, 0, 1, 1, 0, 1, 1),3,1,1
7,(1, 0, 0, 0, 0, 1, 0, 1, 1),2,1,3
7,(0, 0, 1, 0, 0, 1, 1, 0, 0),2,1,5
8,(1, 0, 0, 0, 0, 0, 1, 0, 0),3,18,5
8,(1, 1, 1, 0, 0, 0, 1, 0, 0),3,1,6
8,(1, 1, 1, 0, 0, 0, 1, 1, 0),4,2,8
8,(0, 0, 1, 1, 1, 1, 1, 1, 0),4,1,4
8,(1, 0, 0, 1, 1, 1, 1, 1, 0),3,1,4
8,(0, 0, 0, 1, 1, 1, 1, 1, 0),3,3,6
8,(1, 0, 1, 1, 0, 1, 1, 1, 0),4,1,5
8,(0, 0, 1, 1, 0, 1, 1, 1, 0),2,1,5
8,(0, 0, 0, 1, 0, 1, 1, 1, 0),2,4,7
8,(0, 0, 0, 0, 1, 1, 1, 1, 0),4,2,8
8,(1, 1, 0, 0, 0, 1, 1, 1, 0),3,3,8
8,(0, 0, 0, 1, 1, 0, 1, 1, 0),2,2,8
8,(0, 0, 1, 0, 1, 0, 1, 1, 0),3,1,8
8,(1, 0, 0, 0, 0, 0, 0, 1, 0),2,2,6
8,(0, 1, 0, 0, 0, 1, 0, 0, 1),2,1,4
8,(1, 0, 0, 1, 0, 1, 1, 0, 1),2,8,7
8,(0, 0, 0, 1, 1, 0, 1, 0, 1),2,3,9
8,(0, 0, 1, 1, 0, 0, 1, 0, 1),3,4,9
8,(0, 1, 0, 0, 0, 1, 1, 0, 1),3,2,7
8,(0, 0, 1, 0, 0, 0, 0, 0, 1),2,4,8
8,(0, 1, 1, 0, 0, 0, 0, 0, 1),2,3,7
8,(1, 1, 1, 0, 1, 1, 0, 0, 1),1,28,8
8,(0, 1, 1, 0, 1, 0, 1, 1, 0),2,23,7
8,(1, 0, 1, 1, 1, 1, 1, 0, 1),2,6,6
8,(0, 1, 1, 1, 1, 1, 1, 0, 1),3,3,8
8,(1, 1, 0, 0, 1, 0, 1, 1, 0),1,18,6
8,(0, 0, 1, 1, 1, 1, 1, 0, 1),2,27,6
8,(1, 1, 1, 1, 1, 0, 0, 1, 1),3,6,5
8,(0, 1, 0, 1, 1, 1, 1, 1, 1),1,9,9
8,(0, 0, 0, 1, 1, 0, 0, 0, 1),2,7,8
8,(0, 0, 1, 1, 1, 0, 0, 0, 1),3,3,6
8,(0, 0, 1, 0, 1, 0, 1, 1, 1),1,31,8
8,(0, 0, 1, 1, 0, 1, 0, 1, 0),2,4,4
8,(0, 0, 0, 1, 0, 1, 0, 1, 0),1,12,6
8,(0, 1, 0, 1, 0, 1, 0, 1, 0),2,4,8
8,(1, 1, 1, 1, 0, 1, 1, 1, 1),2,3,8
8,(1, 1, 1, 0, 0, 1, 0, 0, 0),4,1,6
8,(0, 0, 1, 0, 0, 1, 1, 1, 1),1,46,9
8,(1, 0, 1, 1, 1, 0, 0, 0, 0),2,3,5
8,(0, 1, 1, 1, 1, 1, 0, 0, 1),2,3,7
8,(0, 0, 1, 1, 1, 1, 0, 0, 1),2,7,6
8,(0, 1, 0, 0, 0, 1, 0, 1, 1),1,10,8
8,(1, 0, 1, 0, 1, 1, 1, 1, 0),2,1,4
8,(1, 1, 1, 1, 0, 0, 1, 1, 1),2,9,7
8,(0, 1, 1, 1, 0, 0, 1, 1, 1),1,24,6
8,(0, 1, 1, 0, 1, 0, 1, 0, 0),3,2,7
8,(0, 0, 1, 0, 1, 0, 1, 0, 0),1,9,6
8,(1, 1, 0, 1, 1, 0, 0, 1, 1),4,3,8
8,(1, 1, 1, 1, 0, 0, 0, 0, 0),3,5,9
8,(0, 1, 0, 1, 1, 0, 1, 1, 0),1,78,8
8,(0, 1, 1, 1, 1, 0, 1, 0, 0),3,2,7
8,(0, 1, 0, 0, 1, 0, 0, 1, 0),3,5,8
8,(0, 1, 1, 1, 0, 1, 0, 1, 1),3,1,3
8,(0, 1, 0, 1, 0, 1, 0, 1, 1),1,34,6
8,(1, 1, 0, 1, 0, 1, 1, 0, 1),1,19,5
8,(0, 1, 0, 1, 1, 0, 0, 1, 0),3,3,7
8,(1, 0, 1, 0, 0, 1, 1, 1, 1),1,20,8
8,(0, 1, 1, 0, 1, 0, 1, 0, 1),2,1,6
8,(1, 1, 1, 1, 1, 1, 1, 1, 0),3,2,4
8,(0, 0, 0, 1, 1, 1, 1, 0, 0),2,1,7
8,(1, 0, 1, 0, 1, 1, 1, 0, 0),3,1,5
8,(1, 0, 0, 0, 1, 1, 1, 0, 0),2,5,7
8,(0, 1, 0, 1, 0, 1, 1, 0, 0),4,1,6
8,(1, 1, 1, 1, 1, 0, 1, 1, 0),4,1,5
8,(0, 0, 1, 1, 1, 0, 1, 1, 0),3,5,5
8,(1, 1, 1, 0, 1, 0, 0, 0, 1),2,7,8
8,(1, 1, 0, 1, 0, 0, 1, 1, 0),2,4,9
8,(1, 1, 1, 0, 0, 0, 1, 0, 1),4,1,6
8,(1, 0, 1, 1, 1, 1, 0, 1, 1),4,1,5
8,(0, 1, 0, 1, 1, 0, 1, 0, 0),1,31,7
8,(1, 0, 0, 0, 1, 1, 0, 0, 0),1,31,4
8,(1, 1, 0, 1, 1, 0, 1, 0, 0),2,96,6
8,(0, 1, 0, 0, 0, 1, 1, 0, 0),1,41,7
8,(1, 1, 1, 1, 1, 1, 0, 1, 0),1,11,5
8,(0, 0, 1, 0, 1, 0, 0, 1, 0),1,31,8
8,(1, 1, 0, 1, 0, 0, 0, 1, 1),3,11,8
8,(0, 1, 0, 1, 0, 0, 0, 1, 1),1,24,6
8,(1, 1, 0, 1, 1, 1, 0, 1, 0),5,1,6
8,(0, 0, 1, 1, 1, 1, 0, 1, 0),2,1,6
8,(1, 1, 1, 1, 0, 1, 0, 0, 0),1,23,5
8,(1, 0, 1, 1, 0, 1, 1, 0, 1),3,8,4
8,(1, 1, 1, 1, 0, 1, 0, 0, 1),2,13,6
8,(1, 1, 0, 1, 1, 1, 0, 0, 1),3,1,7
8,(0, 1, 1, 1, 0, 1, 0, 0, 1),2,18,5
8,(1, 1, 0, 1, 0, 1, 0, 0, 0),2,23,6
8,(1, 1, 1, 1, 1, 0, 0, 0, 1),3,31,6
8,(1, 0, 0, 1, 0, 1, 0, 0, 0),2,51,6
8,(1, 0, 1, 1, 1, 0, 1, 0, 1),2,61,5
8,(1, 0, 1, 0, 1, 0, 0, 1, 1),4,64,7
8,(1, 1, 1, 1, 0, 0, 0, 1, 0),3,6,5
8,(1, 0, 1, 1, 0, 1, 1, 1, 1),4,2,5
8,(1, 0, 0, 1, 0, 0, 1, 1, 1),4,47,7
8,(0, 1, 0, 0, 0, 0, 1, 1, 1),2,65,6
8,(1, 0, 0, 1, 0, 0, 0, 1, 1),3,15,6
8,(0, 0, 0, 0, 0, 0, 1, 1, 1),4,4,7
8,(0, 0, 0, 0, 0, 1, 0, 1, 1),2,8,6
8,(0, 0, 1, 0, 1, 0, 0, 1, 1),3,12,3
8,(1, 1, 1, 0, 0, 0, 0, 1, 1),4,2,9
8,(0, 0, 0, 0, 1, 0, 0, 1, 1),2,3,6
8,(1, 0, 0, 1, 1, 0, 1, 1, 0),2,13,5
8,(0, 1, 1, 0, 0, 1, 0, 0, 1),1,27,6
8,(1, 1, 0, 1, 0, 0, 1, 0, 1),2,45,7
8,(1, 0, 0, 1, 0, 1, 1, 1, 1),1,30,5
8,(1, 0, 0, 1, 0, 0, 1, 1, 0),2,8,5
9,(0, 1, 0, 1, 0, 0, 1, 0, 0),2,3,7
9,(0, 1, 1, 0, 0, 0, 1, 0, 0),3,3,7
9,(1, 0, 1, 0, 0, 0, 1, 0, 0),2,3,8
9,(0, 1, 0, 1, 0, 1, 1, 1, 0),2,6,6
9,(0, 0, 0, 1, 0, 1, 1, 1, 0),3,1,6
9,(0, 0, 0, 0, 0, 0, 1, 1, 0),1,38,8
9,(0, 0, 1, 0, 0, 0, 1, 1, 0),3,20,7
9,(0, 0, 1, 1, 0, 0, 1, 1, 0),3,3,7
9,(1, 1, 0, 1, 1, 0, 1, 1, 0),1,33,3
9,(0, 0, 1, 0, 1, 0, 0, 0, 0),2,4,5
9,(0, 0, 0, 0, 0, 1, 0, 1, 0),3,3,7
9,(0, 0, 1, 0, 0, 0, 0, 1, 0),2,3,7
9,(0, 0, 0, 0, 1, 0, 0, 1, 0),2,2,6
9,(0, 1, 0, 0, 1, 1, 0, 0, 0),4,1,8
9,(0, 1, 0, 0, 0, 0, 0, 0, 0),4,29,9
9,(0, 0, 0, 0, 1, 0, 0, 0, 1),4,2,7
9,(0, 0, 1, 1, 1, 0, 0, 0, 0),2,1,6
9,(0, 0, 0, 0, 0, 1, 0, 0, 1),2,1,7
9,(0, 0, 0, 0, 1, 1, 0, 0, 0),2,1,7
9,(0, 0, 1, 0, 0, 1, 0, 0, 0),3,1,7
9,(0, 0, 0, 0, 0, 0, 0, 0, 0),3,25,8
9,(1, 0, 0, 0, 0, 0, 0, 0, 0),5,2,7
9,(0, 1, 1, 0, 0, 1, 1, 0, 1),3,4,7
9,(1, 0, 1, 0, 0, 1, 1, 0, 1),3,4,5
9,(0, 0, 0, 1, 0, 1, 1, 0, 1),3,8,8
9,(0, 1, 1, 1, 0, 0, 1, 0, 1),3,2,7
9,(0, 0, 0, 1, 1, 0, 1, 0, 1),3,1,8
9,(1, 0, 0, 1, 1, 1, 1, 0, 1),2,3,5
9,(0, 0, 0, 1, 1, 1, 1, 0, 1),2,6,4
9,(0, 1, 1, 0, 1, 1, 1, 0, 1),1,13,6
9,(1, 1, 0, 0, 1, 0, 0, 0, 1),2,3,8
9,(1, 1, 0, 0, 0, 0, 0, 0, 1),1,15,8
9,(1, 1, 0, 1, 0, 1, 0, 0, 1),2,6,5
9,(0, 1, 1, 1, 1, 0, 0, 0, 0),1,12,7
9,(1, 1, 0, 0, 1, 0, 1, 0, 0),2,1,6
9,(0, 1, 0, 0, 1, 0, 0, 0, 0),2,12,6
9,(1, 1, 1, 0, 1, 1, 0, 0, 0),2,4,7
9,(1, 0, 0, 1, 1, 0, 0, 0, 1),3,7,8
9,(1, 0, 1, 1, 0, 0, 0, 0, 1),4,2,9
9,(1, 0, 0, 1, 0, 0, 0, 0, 1),4,12,6
9,(0, 0, 0, 1, 1, 0, 1, 0, 0),1,36,6
9,(1, 1, 0, 1, 0, 1, 1, 1, 1),2,5,6
9,(1, 0, 1, 1, 1, 1, 0, 0, 1),2,2,6
9,(1, 1, 1, 0, 1, 1, 1, 1, 0),3,1,6
9,(1, 1, 1, 0, 0, 1, 1, 1, 0),5,3,6
9,(0, 1, 0, 1, 1, 1, 0, 0, 0),1,11,8
9,(1, 0, 1, 1, 0, 0, 0, 1, 1),2,9,5
9,(1, 0, 0, 1, 1, 0, 0, 1, 1),2,4,5
9,(0, 1, 1, 1, 1, 0, 0, 1, 1),3,2,9
9,(1, 1, 1, 1, 1, 0, 0, 1, 1),4,2,5
9,(1, 1, 1, 1, 1, 0, 1, 0, 0),2,4,6
9,(1, 0, 0, 1, 1, 0, 0, 1, 0),3,3,7
9,(0, 1, 0, 1, 1, 0, 0, 1, 0),4,1,7
9,(0, 1, 1, 1, 0, 1, 0, 1, 1),4,1,8
9,(0, 0, 1, 1, 0, 1, 0, 1, 1),3,2,6
9,(0, 1, 0, 1, 0, 0, 0, 1, 0),3,6,6
9,(0, 0, 1, 1, 0, 0, 0, 1, 0),2,2,5
9,(1, 0, 0, 0, 0, 1, 1, 1, 0),2,8,8
9,(0, 1, 1, 0, 1, 0, 1, 0, 1),3,1,7
9,(1, 1, 1, 0, 1, 0, 0, 1, 1),2,9,5
9,(1, 1, 0, 0, 1, 1, 1, 0, 0),3,4,5
9,(0, 1, 0, 0, 1, 1, 1, 0, 0),5,2,6
9,(1, 0, 1, 1, 1, 1, 0, 1, 0),3,6,5
9,(1, 1, 0, 0, 0, 1, 0, 0, 0),1,10,7
9,(1, 1, 1, 0, 0, 0, 0, 1, 0),4,4,6
9,(0, 1, 1, 1, 1, 0, 1, 1, 0),2,3,6
9,(0, 0, 1, 1, 1, 1, 1, 0, 0),2,6,8
9,(0, 0, 1, 0, 0, 0, 1, 0, 1),1,57,8
9,(0, 1, 1, 1, 0, 1, 1, 1, 0),2,5,8
9,(1, 1, 1, 0, 1, 1, 0, 1, 1),2,3,6
9,(0, 0, 0, 1, 1, 1, 0, 1, 1),2,21,9
9,(1, 0, 0, 1, 1, 1, 0, 1, 1),5,4,4
9,(1, 1, 0, 1, 1, 0, 1, 1, 1),3,4,4
9,(0, 0, 1, 1, 1, 0, 1, 1, 1),3,4,6
9,(1, 0, 1, 1, 1, 0, 1, 1, 1),4,3,6
9,(1, 1, 0, 1, 0, 0, 1, 0, 0),2,5,3
9,(1, 0, 0, 0, 1, 1, 1, 0, 1),3,3,7
9,(0, 1, 1, 1, 0, 0, 0, 1, 0),2,5,6
9,(1, 1, 1, 1, 0, 1, 1, 0, 0),2,4,6
9,(1, 1, 0, 0, 0, 0, 1, 0, 1),3,11,3
9,(1, 1, 1, 0, 1, 0, 0, 1, 0),3,3,7
9,(0, 0, 0, 0, 1, 1, 0, 1, 0),1,17,5
9,(0, 0, 1, 0, 1, 1, 1, 1, 1),3,6,5
9,(1, 0, 1, 0, 1, 1, 0, 1, 0),4,5,7
9,(1, 0, 0, 0, 1, 1, 1, 1, 1),2,10,5
9,(0, 1, 1, 0, 1, 1, 0, 1, 0),3,5,9
9,(1, 1, 1, 1, 0, 1, 1, 0, 1),4,1,4
9,(0, 1, 1, 1, 0, 1, 1, 0, 1),3,10,5
9,(1, 0, 1, 0, 1, 1, 1, 1, 1),2,10,5
9,(1, 0, 1, 1, 0, 1, 0, 0, 1),4,27,6
9,(1, 1, 1, 0, 0, 1, 0, 1, 1),3,67,7
9,(0, 0, 0, 1, 0, 1, 0, 0, 1),2,38,7
9,(0, 1, 1, 0, 0, 1, 0, 1, 1),2,32,5
9,(1, 1, 1, 0, 0, 0, 1, 1, 1),3,30,5
9,(1, 0, 0, 1, 0, 1, 0, 1, 1),2,63,5
9,(0, 1, 1, 1, 1, 0, 1, 0, 1),3,26,7
9,(0, 1, 1, 1, 1, 0, 0, 0, 1),1,105,4
9,(1, 1, 1, 1, 0, 1, 0, 1, 1),1,50,6
9,(1, 0, 1, 0, 0, 0, 1, 1, 1),2,82,7
9,(1, 0, 0, 0, 1, 0, 1, 1, 1),5,1,7
9,(0, 0, 0, 0, 1, 1, 1, 1, 1),2,54,6
9,(1, 0, 0, 0, 1, 1, 0, 1, 1),4,1,6
9,(0, 0, 0, 0, 1, 1, 0, 1, 1),2,5,3
9,(0, 0, 1, 1, 0, 0, 0, 1, 1),3,1,6
9,(1, 1, 0, 0, 0, 0, 0, 1, 1),2,20,6
9,(1, 0, 0, 0, 0, 1, 0, 1, 1),3,1,5
9,(0, 1, 0, 0, 0, 1, 0, 1, 1),2,1,7
9,(0, 1, 1, 0, 1, 1, 1, 0, 0),2,9,6
9,(1, 0, 1, 1, 1, 0, 1, 1, 0),3,1,4
9,(1, 1, 0, 0, 0, 0, 1, 0, 0),5,1,5
10,(0, 1, 0, 0, 0, 1, 1, 0, 0),2,1,7
10,(0, 1, 1, 0, 0, 0, 1, 1, 0),2,9,6
10,(0, 0, 1, 0, 0, 1, 1, 1, 0),4,24,8
10,(1, 1, 0, 0, 0, 1, 1, 1, 0),4,1,7
10,(0, 1, 0, 0, 0, 1, 1, 1, 0),2,20,7
10,(1, 0, 0, 1, 1, 1, 1, 1, 0),4,2,6
10,(1, 0, 0, 0, 0, 0, 1, 1, 0),3,3,5
10,(0, 1, 0, 1, 1, 0, 1, 1, 0),2,1,5
10,(1, 0, 0, 0, 1, 0, 1, 1, 0),2,4,6
10,(1, 0, 1, 0, 1, 0, 1, 1, 0),4,1,7
10,(1, 1, 0, 1, 0, 0, 1, 1, 0),3,1,6
10,(0, 0, 1, 1, 0, 0, 1, 1, 0),4,1,6
10,(0, 0, 0, 1, 0, 0, 1, 1, 0),3,7,6
10,(0, 1, 0, 0, 0, 0, 1, 1, 0),2,14,6
10,(1, 1, 1, 1, 0, 0, 1, 0, 1),2,7,5
10,(1, 0, 1, 0, 1, 0, 0, 0, 0),4,5,7
10,(0, 1, 1, 0, 1, 0, 0, 0, 0),4,4,5
10,(0, 0, 0, 1, 0, 0, 0, 0, 0),2,7,8
10,(0, 0, 1, 1, 0, 0, 0, 0, 0),4,2,5
10,(0, 1, 0, 0, 1, 0, 0, 1, 0),4,1,6
10,(0, 0, 1, 0, 0, 0, 0, 0, 0),3,5,4
10,(0, 1, 1, 0, 0, 0, 0, 0, 1),3,1,7
10,(0, 0, 0, 0, 1, 1, 0, 0, 1),3,2,5
10,(1, 0, 0, 0, 1, 0, 0, 0, 1),4,3,6
10,(0, 0, 0, 1, 1, 0, 0, 0, 0),5,3,6
10,(1, 0, 0, 0, 1, 0, 0, 0, 0),3,3,5
10,(0, 0, 1, 0, 1, 0, 0, 0, 0),3,1,5
10,(0, 0, 0, 0, 0, 0, 0, 0, 1),2,7,8
10,(0, 0, 1, 0, 0, 0, 0, 0, 1),3,1,5
10,(1, 0, 0, 0, 0, 0, 0, 0, 1),3,3,3
10,(1, 0, 0, 0, 0, 1, 0, 0, 0),3,2,6
10,(0, 0, 0, 0, 1, 1, 0, 0, 0),3,1,6
10,(1, 1, 1, 0, 0, 1, 1, 0, 1),4,4,5
10,(0, 1, 1, 0, 0, 1, 1, 0, 1),4,1,5
10,(0, 0, 1, 0, 0, 1, 1, 0, 1),2,9,7
10,(0, 1, 0, 0, 1, 1, 1, 0, 1),2,3,7
10,(1, 1, 0, 1, 0, 0, 1, 0, 1),3,1,6
10,(1, 0, 0, 0, 1, 0, 1, 0, 1),3,3,6
10,(0, 0, 0, 1, 1, 0, 1, 0, 1),4,1,6
10,(1, 1, 0, 0, 1, 0, 0, 0, 1),3,1,6
10,(0, 1, 0, 0, 1, 0, 0, 0, 1),2,8,7
10,(1, 1, 1, 0, 1, 0, 1, 1, 0),2,9,6
10,(1, 0, 1, 0, 1, 1, 0, 0, 0),2,2,5
10,(0, 1, 0, 1, 1, 1, 0, 0, 0),2,1,1
10,(1, 1, 0, 1, 1, 1, 1, 1, 1),5,3,7
10,(1, 0, 1, 1, 0, 1, 0, 0, 0),2,9,8
10,(1, 1, 1, 1, 0, 0, 0, 0, 1),3,5,7
10,(0, 1, 1, 1, 0, 0, 0, 0, 1),2,8,6
10,(0, 0, 1, 1, 0, 0, 0, 0, 1),4,4,4
10,(0, 0, 0, 1, 0, 0, 0, 0, 1),1,23,3
10,(1, 1, 1, 0, 1, 0, 1, 1, 1),3,2,6
10,(0, 1, 1, 0, 1, 0, 1, 1, 1),2,8,7
10,(1, 0, 1, 0, 1, 0, 1, 1, 1),3,7,2
10,(1, 1, 0, 1, 0, 1, 0, 1, 0),3,3,7
10,(1, 1, 1, 0, 0, 1, 0, 0, 0),5,1,8
10,(0, 1, 1, 0, 1, 1, 1, 1, 0),3,3,6
10,(1, 0, 1, 0, 1, 1, 1, 1, 0),3,2,4
10,(1, 1, 1, 0, 0, 1, 1, 1, 0),6,1,7
10,(1, 0, 1, 0, 0, 1, 1, 1, 0),2,24,4
10,(1, 1, 0, 1, 1, 1, 0, 0, 0),5,2,5
10,(1, 0, 1, 0, 0, 1, 0, 0, 1),2,59,7
10,(1, 1, 0, 0, 1, 0, 1, 0, 1),2,10,5
10,(1, 1, 1, 1, 0, 0, 0, 1, 1),2,7,1
10,(0, 1, 0, 0, 1, 0, 0, 1, 1),3,8,7
10,(0, 1, 1, 1, 0, 0, 0, 0, 0),3,4,5
10,(1, 0, 1, 1, 0, 0, 0, 0, 0),2,5,5
10,(1, 0, 1, 1, 1, 0, 1, 0, 0),3,3,6
10,(0, 0, 0, 1, 0, 1, 0, 1, 1),2,6,4
10,(0, 0, 1, 1, 0, 0, 0, 1, 0),3,1,5
10,(0, 0, 0, 0, 1, 1, 1, 0, 0),3,6,8
10,(0, 0, 1, 0, 1, 1, 1, 0, 0),3,6,6
10,(1, 0, 0, 1, 1, 0, 0, 0, 0),2,8,5
10,(1, 0, 1, 0, 0, 0, 0, 0, 1),1,13,5
10,(1, 0, 1, 0, 0, 0, 0, 1, 0),3,8,8
10,(1, 0, 1, 0, 1, 0, 0, 0, 1),2,13,5
10,(0, 1, 0, 1, 1, 0, 1, 0, 1),3,7,6
10,(0, 1, 0, 1, 1, 1, 1, 0, 0),2,12,7
10,(0, 1, 1, 1, 1, 1, 1, 0, 0),3,3,6
10,(0, 1, 1, 1, 1, 1, 0, 1, 1),4,3,7
10,(1, 0, 1, 1, 1, 1, 0, 1, 1),5,1,6
10,(1, 1, 1, 1, 1, 0, 1, 1, 1),3,2,4
10,(1, 1, 1, 0, 0, 1, 1, 0, 0),3,5,4
10,(0, 1, 0, 1, 0, 1, 0, 1, 0),3,2,7
10,(1, 1, 0, 0, 1, 0, 0, 0, 0),1,15,6
10,(0, 1, 1, 1, 1, 1, 1, 0, 1),4,2,3
10,(0, 1, 0, 0, 1, 1, 0, 1, 0),3,3,5
10,(1, 1, 1, 1, 1, 1, 0, 1, 0),2,2,7
10,(0, 0, 0, 1, 1, 1, 0, 1, 0),2,22,6
10,(1, 0, 1, 1, 1, 1, 0, 1, 0),4,1,6
10,(0, 0, 1, 0, 1, 1, 0, 1, 0),4,7,6
10,(1, 0, 0, 1, 0, 1, 0, 0, 1),2,14,4
10,(1, 1, 0, 1, 0, 1, 1, 0, 1),2,2,6
10,(0, 1, 0, 1, 0, 1, 1, 0, 1),2,11,7
10,(1, 0, 1, 1, 1, 1, 0, 0, 1),3,1,6
10,(0, 1, 1, 0, 0, 1, 0, 0, 1),2,1,6
10,(0, 1, 0, 1, 1, 1, 0, 0, 1),2,8,8
10,(1, 0, 0, 0, 1, 1, 0, 0, 1),2,6,4
10,(1, 0, 1, 0, 1, 1, 0, 1, 1),3,2,6
10,(1, 1, 1, 0, 0, 1, 0, 1, 1),4,1,6
10,(1, 0, 1, 0, 0, 1, 0, 1, 1),2,51,4
10,(1, 0, 1, 1, 0, 1, 0, 0, 1),5,10,4
10,(0, 0, 1, 1, 0, 1, 0, 0, 1),5,101,5
10,(0, 0, 1, 1, 1, 0, 1, 0, 1),1,46,6
10,(1, 1, 1, 1, 0, 1, 0, 1, 0),2,53,5
10,(0, 1, 1, 1, 0, 1, 1, 1, 1),3,5,6
10,(1, 1, 0, 0, 0, 0, 1, 1, 1),4,2,6
10,(0, 0, 0, 1, 0, 1, 1, 1, 1),5,10,7
10,(1, 0, 0, 0, 0, 1, 1, 1, 1),3,6,6
10,(1, 1, 0, 0, 1, 0, 1, 1, 1),3,2,4
10,(0, 0, 1, 0, 1, 1, 0, 1, 1),3,2,4
10,(1, 0, 1, 0, 0, 0, 0, 1, 1),3,5,4
10,(0, 1, 0, 1, 0, 0, 0, 1, 1),2,2,9
10,(1, 0, 0, 1, 0, 0, 0, 1, 1),4,2,7
10,(1, 1, 0, 0, 1, 1, 0, 0, 0),1,22,4
10,(0, 1, 0, 0, 0, 0, 1, 1, 1),3,2,7
10,(0, 0, 0, 0, 0, 0, 1, 1, 1),5,2,8
10,(0, 0, 0, 0, 0, 1, 0, 1, 1),3,2,8
10,(0, 0, 0, 0, 1, 0, 0, 1, 1),3,2,8
10,(1, 1, 0, 1, 0, 0, 1, 0, 0),3,1,5
10,(1, 1, 1, 1, 1, 1, 1, 1, 1),2,34,7
10,(0, 1, 0, 0, 0, 0, 1, 0, 0),2,7,3
11,(0, 0, 1, 0, 1, 0, 1, 0, 0),2,2,7
11,(0, 1, 1, 0, 1, 0, 1, 0, 0),4,1,4
11,(0, 1, 0, 1, 0, 0, 1, 0, 0),3,1,6
11,(0, 0, 0, 1, 0, 0, 1, 0, 0),3,10,6
11,(1, 0, 1, 0, 0, 0, 1, 0, 0),3,1,7
11,(0, 1, 0, 1, 1, 1, 1, 1, 0),2,5,7
11,(1, 1, 0, 1, 0, 1, 1, 1, 0),2,5,5
11,(0, 0, 0, 0, 0, 1, 1, 1, 0),2,11,8
11,(1, 0, 1, 1, 0, 1, 1, 1, 0),5,2,8
11,(1, 0, 1, 1, 1, 0, 1, 1, 0),4,1,6
11,(1, 1, 0, 1, 1, 0, 1, 1, 0),2,1,6
11,(1, 0, 0, 1, 0, 0, 0, 0, 0),2,5,4
11,(1, 1, 0, 0, 0, 0, 0, 1, 0),2,3,9
11,(0, 0, 0, 1, 0, 0, 1, 1, 0),4,1,7
11,(0, 0, 0, 0, 1, 1, 0, 1, 0),2,1,5
11,(0, 1, 0, 0, 0, 1, 0, 0, 0),2,5,7
11,(0, 1, 0, 0, 0, 0, 0, 0, 0),5,1,5
11,(0, 0, 1, 0, 1, 0, 0, 0, 1),3,3,6
11,(1, 0, 1, 1, 1, 0, 0, 0, 0),3,1,5
11,(0, 0, 0, 0, 0, 0, 1, 0, 1),6,3,7
11,(0, 0, 0, 0, 0, 1, 0, 0, 1),3,2,7
11,(0, 0, 0, 1, 1, 0, 0, 0, 1),3,1,6
11,(0, 0, 0, 0, 0, 1, 0, 0, 0),4,4,6
11,(0, 0, 1, 1, 1, 1, 1, 0, 1),3,1,4
11,(0, 1, 1, 1, 0, 1, 1, 0, 1),4,1,5
11,(1, 0, 0, 1, 1, 0, 1, 0, 1),3,5,5
11,(1, 1, 0, 0, 0, 0, 1, 0, 1),4,4,5
11,(0, 1, 0, 0, 0, 1, 1, 0, 1),4,3,7
11,(1, 0, 0, 0, 1, 1, 1, 0, 1),4,1,6
11,(0, 0, 0, 1, 1, 0, 1, 0, 1),5,1,5
11,(1, 1, 1, 1, 0, 0, 1, 0, 1),3,1,8
11,(1, 1, 1, 0, 1, 1, 1, 0, 1),4,6,9
11,(1, 1, 1, 0, 1, 0, 0, 0, 1),3,2,6
11,(0, 1, 1, 0, 1, 0, 0, 0, 1),3,4,3
11,(1, 1, 0, 0, 0, 0, 0, 0, 0),2,12,4
11,(1, 1, 0, 1, 0, 1, 0, 0, 1),3,2,7
11,(1, 1, 0, 0, 1, 0, 1, 0, 0),3,1,5
11,(1, 1, 1, 1, 1, 0, 0, 0, 0),2,7,7
11,(1, 1, 1, 1, 0, 1, 0, 0, 0),2,2,5
11,(0, 1, 0, 1, 1, 0, 0, 0, 1),3,13,5
11,(0, 1, 1, 1, 0, 0, 0, 0, 1),3,1,6
11,(0, 1, 1, 1, 0, 1, 0, 1, 0),2,6,5
11,(1, 1, 0, 1, 0, 1, 1, 1, 1),3,1,6
11,(0, 1, 1, 0, 0, 1, 1, 1, 1),3,5,8
11,(0, 0, 1, 1, 1, 1, 1, 1, 0),5,3,8
11,(0, 1, 1, 0, 1, 1, 1, 1, 0),4,1,6
11,(0, 1, 0, 1, 1, 0, 0, 0, 0),2,26,6
11,(1, 0, 1, 0, 1, 0, 1, 0, 0),2,4,4
11,(0, 1, 1, 1, 1, 0, 0, 1, 1),4,2,8
11,(1, 1, 1, 0, 0, 0, 0, 0, 0),3,9,7
11,(1, 1, 1, 1, 1, 0, 1, 0, 0),3,1,7
11,(1, 1, 1, 1, 1, 1, 0, 1, 1),2,27,4
11,(1, 1, 0, 1, 0, 1, 0, 1, 1),2,45,4
11,(1, 1, 1, 1, 1, 0, 0, 1, 0),5,4,6
11,(1, 1, 0, 1, 1, 0, 0, 1, 0),4,5,7
11,(1, 0, 0, 1, 1, 0, 0, 1, 0),4,2,7
11,(1, 1, 1, 1, 0, 0, 0, 1, 1),3,1,7
11,(1, 0, 0, 1, 0, 0, 0, 1, 0),2,20,6
11,(1, 1, 0, 1, 1, 1, 1, 1, 0),2,7,4
11,(1, 1, 0, 1, 1, 0, 1, 0, 1),2,5,5
11,(0, 1, 1, 0, 1, 1, 0, 1, 1),3,5,6
11,(1, 1, 0, 1, 1, 0, 1, 1, 1),4,1,4
11,(1, 0, 0, 1, 1, 0, 1, 1, 1),3,3,5
11,(0, 1, 1, 0, 0, 1, 1, 0, 0),2,8,7
11,(1, 1, 0, 0, 0, 1, 1, 0, 0),2,5,6
11,(1, 1, 1, 0, 1, 0, 0, 1, 0),4,2,7
11,(0, 1, 1, 0, 1, 0, 0, 1, 0),2,24,6
11,(1, 0, 0, 1, 1, 1, 0, 0, 0),2,24,8
11,(1, 1, 0, 1, 1, 1, 0, 0, 0),6,1,6
11,(1, 1, 0, 1, 1, 1, 0, 1, 0),6,2,5
11,(1, 1, 0, 0, 1, 1, 1, 0, 1),2,35,6
11,(1, 1, 1, 0, 1, 1, 0, 1, 0),2,7,6
11,(1, 1, 0, 0, 1, 1, 0, 1, 0),2,11,5
11,(1, 0, 1, 0, 1, 1, 0, 1, 0),5,4,5
11,(1, 1, 1, 0, 1, 1, 0, 0, 1),2,3,7
11,(1, 0, 1, 0, 1, 1, 0, 0, 1),2,6,3
11,(0, 0, 1, 0, 1, 1, 0, 0, 1),3,7,6
11,(1, 1, 0, 0, 0, 1, 0, 0, 1),3,6,8
11,(1, 1, 1, 1, 0, 1, 0, 0, 1),3,3,5
11,(0, 1, 1, 1, 1, 0, 1, 0, 1),4,2,6
11,(0, 0, 0, 1, 0, 0, 1, 1, 1),2,32,6
11,(0, 0, 1, 1, 1, 1, 1, 1, 1),4,3,6
11,(0, 0, 0, 1, 1, 1, 1, 1, 1),3,83,5
11,(1, 0, 0, 1, 0, 1, 1, 1, 1),2,2,5
11,(0, 0, 1, 0, 1, 0, 1, 1, 1),2,3,9
11,(0, 0, 0, 0, 1, 0, 1, 1, 1),3,34,6
11,(0, 1, 0, 0, 1, 1, 0, 1, 1),4,29,6
11,(1, 0, 1, 0, 0, 1, 0, 1, 1),3,1,7
11,(0, 0, 1, 0, 0, 1, 0, 1, 1),2,14,6
11,(0, 1, 1, 0, 0, 1, 0, 1, 1),3,3,5
11,(1, 0, 0, 0, 0, 0, 0, 1, 1),3,15,9
11,(1, 0, 1, 0, 0, 1, 0, 1, 0),2,23,5
11,(0, 0, 1, 1, 0, 1, 0, 1, 0),3,3,8
11,(0, 0, 1, 0, 0, 1, 0, 1, 0),2,15,5
11,(1, 0, 0, 0, 1, 1, 0, 1, 1),5,1,6
11,(1, 0, 0, 1, 0, 1, 0, 1, 1),3,1,5
11,(0, 0, 0, 0, 0, 0, 1, 1, 1),6,1,5
11,(0, 0, 0, 0, 0, 1, 0, 1, 1),4,1,6
11,(0, 1, 1, 1, 1, 1, 1, 1, 1),1,71,6
11,(0, 0, 0, 0, 0, 1, 1, 0, 0),2,6,6
11,(0, 1, 0, 0, 0, 0, 1, 0, 0),3,1,6
11,(1, 1, 1, 0, 1, 0, 1, 1, 0),3,1,3
11,(0, 0, 1, 1, 0, 0, 1, 1, 0),5,1,4
11,(0, 1, 0, 0, 0, 1, 1, 1, 0),3,1,7
12,(0, 0, 0, 0, 0, 1, 0, 1, 0),4,3,6
12,(0, 0, 1, 0, 1, 0, 0, 1, 0),2,2,6
12,(0, 1, 0, 0, 1, 1, 0, 1, 0),4,1,1
12,(0, 0, 0, 0, 1, 0, 0, 1, 0),3,3,8
12,(0, 0, 1, 0, 0, 0, 0, 1, 0),3,3,6
12,(1, 0, 1, 1, 0, 0, 0, 0, 0),3,1,5
12,(1, 1, 0, 0, 0, 0, 0, 0, 1),2,2,5
12,(0, 0, 1, 1, 1, 0, 0, 0, 1),4,3,5
12,(0, 0, 0, 1, 1, 0, 0, 0, 0),6,2,7
12,(0, 0, 0, 1, 1, 0, 0, 0, 1),4,1,3
12,(0, 1, 0, 0, 1, 0, 0, 0, 1),3,1,5
12,(1, 0, 0, 0, 0, 0, 1, 0, 1),2,4,7
12,(1, 0, 1, 1, 0, 1, 0, 0, 0),3,1,6
12,(0, 0, 0, 1, 0, 1, 0, 0, 0),3,4,8
12,(1, 1, 0, 0, 1, 1, 0, 0, 0),2,1,6
12,(1, 0, 1, 1, 0, 1, 1, 0, 1),4,3,7
12,(0, 0, 1, 1, 0, 1, 1, 0, 1),4,9,7
12,(0, 1, 0, 0, 0, 0, 1, 0, 1),2,16,4
12,(1, 0, 0, 0, 0, 1, 1, 0, 1),3,4,6
12,(0, 1, 0, 0, 0, 1, 1, 0, 1),5,1,8
12,(0, 1, 0, 0, 1, 1, 1, 0, 1),3,2,7
12,(1, 1, 0, 0, 1, 0, 1, 0, 1),3,1,2
12,(0, 0, 1, 1, 0, 0, 1, 0, 1),4,4,6
12,(0, 1, 1, 1, 0, 0, 1, 0, 1),4,3,5
12,(1, 0, 0, 1, 0, 0, 1, 0, 1),3,4,7
12,(1, 1, 0, 1, 0, 1, 0, 0, 1),4,1,6
12,(0, 1, 1, 0, 1, 1, 0, 0, 0),2,8,6
12,(1, 1, 1, 1, 0, 0, 0, 0, 1),4,2,5
12,(1, 1, 1, 0, 0, 1, 0, 0, 0),6,2,6
12,(0, 1, 1, 1, 0, 0, 1, 0, 0),1,23,7
12,(1, 1, 0, 0, 0, 1, 0, 1, 1),3,8,7
12,(1, 1, 0, 0, 1, 1, 0, 0, 1),3,11,4
12,(1, 1, 1, 0, 1, 1, 1, 1, 1),1,13,4
12,(1, 0, 1, 1, 0, 0, 1, 0, 1),2,11,5
12,(0, 1, 1, 0, 1, 0, 0, 1, 1),3,7,4
12,(1, 1, 1, 1, 1, 0, 0, 1, 1),5,2,4
12,(0, 1, 1, 1, 1, 0, 0, 1, 1),5,1,7
12,(1, 0, 1, 1, 1, 0, 0, 1, 1),3,5,7
12,(1, 1, 0, 1, 1, 0, 0, 1, 1),5,3,6
12,(1, 1, 0, 0, 1, 0, 0, 1, 0),3,7,6
12,(1, 1, 1, 0, 1, 0, 0, 0, 0),1,57,4
12,(0, 1, 0, 1, 1, 1, 0, 1, 1),2,23,7
12,(1, 0, 1, 1, 1, 0, 0, 1, 0),3,5,5
12,(1, 1, 1, 1, 0, 1, 0, 1, 1),2,1,4
12,(0, 1, 1, 1, 0, 1, 0, 1, 1),5,2,6
12,(1, 1, 0, 1, 0, 0, 0, 1, 0),3,5,7
12,(0, 1, 0, 1, 0, 0, 0, 1, 0),4,3,8
12,(0, 0, 0, 1, 0, 0, 0, 0, 0),3,2,5
12,(0, 0, 0, 1, 0, 0, 0, 1, 0),2,13,6
12,(0, 0, 1, 0, 1, 0, 1, 0, 1),4,9,6
12,(1, 1, 0, 0, 1, 1, 1, 0, 0),4,2,6
12,(1, 1, 1, 1, 0, 1, 1, 0, 0),3,2,7
12,(0, 1, 0, 1, 0, 1, 1, 0, 0),5,4,8
12,(1, 1, 0, 0, 1, 1, 1, 1, 0),5,18,5
12,(0, 1, 0, 0, 1, 1, 1, 1, 0),2,12,5
12,(1, 1, 1, 1, 1, 1, 1, 0, 0),2,4,8
12,(1, 1, 1, 1, 0, 1, 1, 1, 0),5,6,6
12,(0, 0, 0, 1, 1, 0, 1, 1, 1),1,15,5
12,(1, 1, 0, 0, 0, 1, 1, 1, 1),3,8,6
12,(0, 1, 1, 0, 1, 1, 0, 1, 0),4,1,2
12,(1, 1, 0, 0, 0, 1, 0, 1, 0),3,20,6
12,(1, 1, 0, 1, 1, 1, 1, 0, 1),2,10,7
12,(1, 1, 0, 1, 0, 0, 1, 1, 1),3,23,8
12,(1, 0, 0, 1, 1, 1, 0, 1, 0),2,16,6
12,(0, 1, 1, 1, 1, 1, 0, 1, 0),6,5,7
12,(1, 0, 1, 1, 1, 1, 0, 1, 0),5,2,6
12,(1, 1, 1, 0, 0, 0, 0, 0, 1),1,25,4
12,(1, 0, 1, 1, 1, 1, 1, 1, 1),4,5,6
12,(0, 0, 0, 1, 1, 1, 0, 0, 1),3,7,8
12,(1, 0, 1, 0, 0, 1, 0, 0, 1),3,6,5
12,(0, 0, 1, 0, 0, 1, 0, 0, 1),2,15,5
12,(0, 1, 1, 0, 0, 0, 1, 1, 1),2,46,7
12,(1, 0, 1, 1, 1, 0, 1, 0, 1),3,4,7
12,(1, 1, 1, 1, 0, 1, 1, 1, 1),3,21,6
12,(0, 1, 1, 1, 0, 1, 1, 1, 1),4,2,5
12,(1, 1, 1, 1, 0, 0, 1, 1, 1),3,4,6
12,(1, 0, 1, 0, 0, 1, 1, 1, 1),2,3,7
12,(0, 0, 0, 1, 1, 1, 1, 1, 1),4,1,7
12,(0, 0, 0, 0, 1, 1, 1, 1, 1),3,2,7
12,(0, 0, 0, 0, 0, 1, 1, 1, 1),4,10,6
12,(0, 0, 1, 0, 0, 0, 1, 1, 1),2,9,7
12,(0, 0, 1, 1, 0, 0, 0, 0, 1),5,1,5
12,(1, 1, 0, 0, 1, 1, 0, 1, 1),3,17,4
12,(1, 0, 0, 1, 0, 0, 0, 1, 1),5,2,5
12,(1, 1, 0, 0, 0, 0, 0, 1, 1),3,3,6
12,(0, 0, 1, 0, 1, 1, 0, 1, 1),4,2,6
12,(0, 1, 1, 0, 0, 1, 0, 1, 1),4,1,7
12,(1, 0, 0, 0, 0, 1, 0, 1, 1),4,4,4
12,(0, 0, 0, 0, 0, 0, 0, 0, 1),3,2,9
12,(0, 0, 0, 1, 0, 0, 0, 0, 1),2,1,5
12,(0, 0, 1, 0, 1, 0, 0, 1, 1),4,3,6
12,(1, 1, 1, 0, 1, 1, 1, 0, 0),2,6,4
12,(0, 1, 0, 0, 1, 1, 1, 1, 1),1,38,6
12,(1, 1, 0, 1, 0, 0, 1, 0, 0),4,1,7
12,(1, 0, 0, 0, 0, 1, 1, 0, 0),3,19,7
12,(0, 0, 1, 1, 0, 0, 1, 0, 0),4,22,4
12,(0, 0, 1, 0, 0, 0, 1, 0, 0),3,18,6
12,(1, 0, 0, 1, 0, 1, 1, 1, 0),4,32,5
12,(0, 0, 0, 0, 0, 0, 1, 0, 0),3,52,5
12,(1, 1, 1, 1, 1, 1, 1, 1, 0),4,30,4
12,(1, 1, 0, 0, 0, 1, 1, 1, 0),5,2,5
12,(0, 1, 0, 1, 1, 1, 1, 1, 0),3,2,6
12,(1, 0, 0, 1, 1, 0, 1, 1, 0),3,10,5
12,(0, 0, 0, 0, 1, 1, 1, 1, 0),5,48,4
12,(0, 1, 0, 1, 1, 0, 1, 1, 0),3,23,8
12,(1, 0, 0, 1, 1, 1, 1, 1, 0),5,29,5
12,(1, 0, 1, 0, 1, 0, 1, 1, 0),5,19,6
12,(0, 1, 1, 0, 0, 0, 0, 1, 0),3,24,7
12,(0, 1, 0, 1, 0, 0, 0, 0, 0),5,29,4
12,(0, 0, 1, 0, 0, 0, 1, 1, 0),4,3,5
12,(0, 0, 0, 1, 0, 0, 1, 1, 0),5,2,6
12,(0, 0, 0, 0, 0, 0, 1, 1, 0),2,4,5
13,(1, 1, 0, 1, 0, 1, 0, 1, 0),4,2,6
13,(1, 0, 1, 0, 0, 0, 0, 1, 0),4,2,7
13,(1, 1, 1, 1, 1, 0, 0, 0, 0),3,1,6
13,(0, 0, 1, 1, 1, 0, 0, 0, 0),3,4,7
13,(0, 0, 0, 0, 1, 0, 0, 0, 0),3,7,9
13,(0, 1, 0, 0, 1, 0, 0, 0, 0),3,5,6
13,(0, 0, 1, 0, 0, 0, 1, 0, 1),2,3,5
13,(1, 0, 1, 0, 1, 1, 0, 0, 1),3,1,5
13,(0, 0, 0, 0, 1, 1, 0, 0, 1),4,3,8
13,(0, 0, 1, 1, 0, 1, 0, 0, 1),6,2,6
13,(1, 0, 0, 1, 0, 1, 0, 0, 1),3,2,7
13,(1, 0, 0, 0, 0, 1, 0, 0, 1),4,4,5
13,(0, 0, 1, 1, 1, 0, 0, 0, 1),5,1,5
13,(0, 0, 1, 0, 1, 0, 0, 0, 1),4,2,6
13,(0, 1, 0, 0, 1, 0, 0, 0, 1),4,1,6
13,(1, 0, 0, 0, 1, 0, 0, 0, 1),5,3,7
13,(0, 0, 1, 0, 0, 1, 0, 0, 0),4,4,6
13,(0, 1, 1, 1, 0, 1, 1, 0, 1),5,2,5
13,(1, 1, 0, 1, 0, 0, 1, 0, 1),4,3,3
13,(0, 1, 0, 1, 0, 0, 1, 0, 1),2,7,4
13,(1, 0, 0, 1, 0, 1, 1, 0, 1),3,4,6
13,(0, 0, 0, 0, 0, 1, 1, 0, 1),4,7,7
13,(0, 0, 1, 1, 1, 1, 1, 0, 1),4,2,8
13,(0, 1, 1, 1, 1, 1, 1, 0, 1),5,1,5
13,(1, 0, 0, 0, 1, 0, 1, 0, 1),4,3,6
13,(1, 1, 0, 1, 1, 0, 1, 0, 1),3,1,5
13,(0, 0, 1, 1, 1, 0, 1, 0, 1),2,1,3
13,(1, 1, 0, 0, 1, 0, 1, 0, 1),4,1,4
13,(0, 0, 0, 1, 0, 0, 1, 0, 1),3,7,6
13,(1, 1, 1, 1, 0, 1, 0, 1, 0),3,2,4
13,(0, 1, 0, 0, 1, 0, 1, 0, 0),1,23,7
13,(0, 0, 1, 1, 1, 1, 0, 0, 0),3,6,8
13,(0, 1, 0, 1, 1, 1, 0, 0, 0),3,2,8
13,(1, 1, 1, 0, 1, 1, 0, 0, 0),3,4,3
13,(1, 0, 1, 1, 1, 0, 0, 0, 1),2,7,5
13,(1, 1, 0, 1, 0, 0, 0, 0, 1),4,7,6
13,(0, 1, 0, 1, 0, 0, 0, 0, 1),4,7,3
13,(1, 0, 0, 1, 0, 1, 0, 1, 0),2,11,4
13,(1, 1, 1, 0, 0, 1, 1, 1, 1),3,10,5
13,(1, 0, 1, 1, 1, 1, 1, 1, 0),4,4,3
13,(0, 0, 1, 0, 1, 1, 1, 1, 0),2,12,7
13,(0, 1, 1, 0, 0, 1, 1, 1, 0),2,26,8
13,(1, 1, 0, 1, 1, 0, 0, 0, 0),3,7,7
13,(0, 1, 1, 1, 1, 0, 0, 1, 1),6,1,7
13,(0, 0, 1, 1, 1, 0, 0, 1, 1),4,10,6
13,(1, 1, 1, 1, 0, 0, 0, 0, 0),4,5,5
13,(1, 1, 1, 0, 0, 0, 0, 0, 0),4,1,6
13,(0, 0, 1, 1, 1, 0, 1, 0, 0),1,34,6
13,(0, 1, 0, 1, 0, 1, 0, 1, 1),2,6,6
13,(1, 1, 1, 1, 0, 0, 0, 1, 1),4,2,5
13,(0, 0, 1, 1, 0, 0, 0, 1, 0),4,13,7
13,(0, 1, 0, 1, 0, 1, 1, 0, 0),6,1,1
13,(1, 0, 1, 1, 0, 1, 1, 0, 0),3,17,7
13,(1, 1, 1, 1, 1, 0, 1, 1, 0),5,5,7
13,(1, 0, 1, 1, 1, 1, 1, 0, 0),3,8,6
13,(1, 0, 1, 0, 0, 0, 1, 0, 1),2,10,6
13,(1, 1, 1, 1, 1, 1, 0, 1, 1),3,2,6
13,(0, 1, 0, 0, 0, 1, 1, 1, 1),1,55,4
13,(0, 1, 1, 0, 0, 1, 0, 1, 0),2,23,3
13,(0, 1, 1, 1, 1, 1, 0, 0, 1),3,4,8
13,(0, 1, 0, 1, 1, 1, 0, 0, 1),3,2,4
13,(1, 1, 0, 1, 1, 1, 0, 0, 1),4,4,6
13,(1, 1, 1, 0, 1, 1, 1, 1, 1),2,1,6
13,(1, 1, 0, 1, 0, 1, 0, 0, 0),3,4,7
13,(1, 0, 1, 1, 0, 1, 0, 1, 1),3,101,8
13,(1, 1, 1, 1, 1, 0, 1, 0, 1),2,11,5
13,(1, 0, 0, 1, 0, 0, 1, 1, 1),5,4,5
13,(1, 0, 0, 1, 1, 1, 1, 1, 1),3,5,5
13,(0, 1, 0, 1, 1, 1, 1, 1, 1),2,5,4
13,(1, 0, 0, 0, 0, 0, 1, 1, 1),3,16,7
13,(0, 1, 1, 1, 1, 1, 1, 1, 1),2,1,6
13,(1, 0, 0, 0, 1, 1, 1, 1, 1),3,2,6
13,(1, 0, 0, 0, 0, 1, 1, 1, 1),4,2,3
13,(1, 0, 1, 0, 1, 0, 1, 1, 1),4,3,8
13,(1, 1, 1, 0, 1, 0, 1, 1, 1),4,2,6
13,(1, 1, 0, 0, 1, 0, 1, 1, 1),4,2,7
13,(1, 1, 1, 0, 0, 0, 0, 1, 1),5,4,6
13,(0, 1, 1, 0, 0, 0, 0, 1, 1),3,33,5
13,(1, 0, 1, 0, 0, 0, 0, 1, 1),4,3,7
13,(1, 1, 1, 1, 0, 0, 0, 0, 1),5,1,4
13,(1, 0, 1, 1, 0, 0, 0, 0, 1),5,3,5
13,(1, 0, 1, 1, 0, 0, 0, 1, 1),3,4,4
13,(1, 0, 0, 1, 0, 0, 0, 1, 1),6,1,5
13,(1, 0, 0, 0, 0, 0, 0, 0, 1),4,3,5
13,(0, 1, 0, 0, 0, 0, 0, 1, 1),5,7,7
13,(0, 1, 1, 0, 1, 1, 0, 1, 1),4,3,5
13,(1, 1, 0, 0, 1, 1, 0, 1, 1),4,1,7
13,(0, 0, 0, 0, 1, 1, 1, 1, 1),4,1,4
13,(0, 0, 1, 0, 1, 1, 0, 1, 1),5,1,6
13,(0, 1, 0, 0, 0, 1, 0, 1, 1),3,4,6
13,(0, 0, 0, 0, 0, 0, 0, 0, 0),4,2,6
13,(0, 1, 0, 0, 0, 0, 1, 0, 1),3,1,5
13,(0, 0, 1, 0, 0, 1, 0, 0, 1),3,1,5
13,(0, 0, 0, 0, 0, 1, 1, 1, 1),5,1,5
13,(0, 0, 0, 0, 1, 0, 1, 1, 1),4,1,7
13,(0, 1, 0, 0, 0, 0, 1, 1, 1),4,1,6
13,(1, 0, 0, 0, 0, 0, 0, 1, 1),4,2,5
13,(1, 1, 0, 0, 1, 1, 1, 1, 1),3,28,1
13,(1, 0, 0, 1, 0, 0, 1, 0, 0),2,9,9
13,(1, 0, 1, 1, 0, 0, 1, 1, 0),3,10,7
13,(0, 0, 1, 0, 0, 1, 1, 0, 0),3,5,6
13,(1, 0, 1, 0, 0, 1, 1, 0, 0),2,6,6
13,(1, 0, 1, 0, 1, 0, 1, 0, 0),3,1,8
13,(0, 1, 1, 1, 0, 0, 1, 0, 0),2,2,6
13,(1, 0, 0, 0, 0, 0, 1, 0, 0),4,20,7
13,(0, 1, 0, 1, 0, 0, 1, 0, 0),4,1,4
13,(1, 1, 1, 1, 0, 1, 1, 1, 0),6,1,5
13,(1, 0, 1, 0, 0, 0, 1, 1, 0),3,60,5
13,(1, 0, 1, 0, 0, 1, 1, 1, 0),3,4,6
13,(1, 1, 0, 0, 0, 1, 1, 1, 0),6,1,6
13,(0, 1, 0, 1, 1, 1, 1, 1, 0),4,1,5
13,(0, 0, 0, 1, 1, 1, 1, 1, 0),4,5,6
13,(0, 1, 1, 1, 1, 0, 1, 1, 0),3,28,7
13,(1, 0, 1, 1, 1, 0, 1, 1, 0),5,49,4
13,(1, 0, 0, 0, 1, 0, 1, 1, 0),3,15,8
13,(1, 1, 0, 1, 0, 0, 1, 1, 0),4,3,8
13,(1, 0, 0, 1, 0, 0, 1, 1, 0),3,5,2
13,(0, 1, 1, 0, 0, 0, 1, 1, 0),3,23,6
13,(1, 1, 1, 0, 1, 0, 0, 1, 0),5,1,6
14,(1, 0, 0, 0, 0, 0, 0, 1, 0),3,5,7
14,(0, 1, 1, 0, 0, 0, 0, 1, 0),4,1,5
14,(0, 0, 1, 0, 0, 0, 0, 1, 0),4,2,7
14,(0, 0, 0, 0, 0, 0, 0, 1, 0),4,9,6
14,(1, 1, 0, 0, 0, 1, 0, 0, 0),2,4,8
14,(0, 1, 0, 0, 0, 1, 0, 0, 0),3,2,8
14,(0, 1, 0, 0, 0, 0, 0, 0, 0),6,3,5
14,(0, 1, 0, 0, 0, 0, 1, 0, 0),4,3,4
14,(1, 1, 0, 0, 0, 1, 0, 0, 1),4,2,6
14,(0, 1, 1, 1, 1, 0, 0, 0, 0),2,4,7
14,(1, 0, 0, 1, 1, 0, 0, 0, 0),3,3,7
14,(1, 0, 0, 0, 1, 1, 0, 0, 1),3,3,5
14,(1, 0, 1, 0, 1, 1, 0, 0, 1),4,1,7
14,(0, 0, 0, 1, 0, 1, 0, 0, 1),3,7,6
14,(1, 0, 1, 1, 0, 1, 0, 0, 0),4,2,8
14,(1, 0, 0, 0, 1, 1, 0, 0, 0),2,5,8
14,(0, 1, 0, 0, 1, 1, 0, 0, 0),5,3,5
14,(1, 1, 0, 0, 1, 1, 0, 0, 0),3,2,5
14,(1, 0, 1, 0, 1, 1, 1, 0, 1),3,15,8
14,(1, 0, 1, 0, 0, 1, 1, 0, 1),4,5,4
14,(1, 0, 1, 1, 0, 1, 1, 0, 1),5,2,5
14,(0, 0, 0, 1, 0, 1, 1, 0, 1),4,14,6
14,(1, 0, 0, 1, 0, 1, 1, 0, 1),4,1,6
14,(0, 0, 1, 1, 0, 1, 1, 0, 1),5,15,6
14,(0, 1, 1, 1, 0, 1, 1, 0, 1),6,1,5
14,(1, 0, 0, 0, 1, 0, 1, 0, 1),5,2,7
14,(0, 1, 0, 1, 1, 0, 1, 0, 1),4,2,8
14,(0, 1, 0, 0, 1, 0, 1, 0, 1),3,6,4
14,(0, 0, 1, 1, 0, 0, 1, 0, 1),5,2,5
14,(1, 0, 0, 1, 0, 0, 1, 0, 1),4,2,5
14,(1, 1, 0, 0, 1, 0, 1, 0, 0),4,5,7
14,(0, 1, 1, 0, 1, 0, 1, 0, 0),5,4,8
14,(0, 0, 1, 1, 1, 1, 0, 0, 0),4,1,9
14,(0, 1, 1, 1, 0, 1, 0, 0, 0),4,9,9
14,(1, 0, 0, 1, 1, 0, 1, 0, 0),2,43,7
14,(1, 1, 1, 1, 1, 1, 0, 0, 1),3,8,6
14,(0, 1, 1, 0, 1, 1, 1, 1, 0),5,2,6
14,(1, 1, 1, 0, 0, 1, 1, 1, 0),7,5,4
14,(1, 0, 1, 1, 1, 0, 0, 1, 1),4,3,6
14,(0, 1, 0, 1, 1, 0, 0, 1, 1),4,7,9
14,(0, 1, 1, 0, 0, 0, 0, 0, 0),3,13,7
14,(0, 1, 1, 1, 1, 0, 1, 0, 0),4,6,4
14,(1, 1, 0, 1, 1, 1, 0, 1, 1),3,11,6
14,(1, 0, 0, 1, 1, 0, 0, 1, 0),5,2,7
14,(0, 1, 1, 1, 0, 0, 0, 1, 1),3,10,7
14,(1, 0, 1, 1, 0, 0, 0, 1, 0),3,8,6
14,(0, 0, 1, 1, 0, 0, 0, 0, 0),5,3,7
14,(0, 1, 1, 0, 1, 1, 1, 0, 0),3,3,7
14,(1, 1, 1, 1, 1, 1, 1, 0, 0),3,1,6
14,(1, 0, 0, 1, 1, 1, 1, 0, 0),3,11,6
14,(0, 1, 0, 1, 1, 1, 1, 0, 0),3,13,7
14,(1, 1, 1, 1, 0, 1, 1, 0, 0),4,1,6
14,(1, 1, 0, 1, 1, 0, 1, 1, 1),5,3,8
14,(0, 1, 0, 1, 1, 0, 1, 1, 1),2,10,4
14,(0, 0, 1, 1, 1, 0, 1, 1, 1),4,4,8
14,(1, 1, 1, 1, 1, 0, 1, 1, 1),4,3,4
14,(1, 0, 1, 0, 1, 0, 0, 1, 0),2,8,7
14,(1, 1, 1, 1, 1, 1, 0, 0, 0),2,7,6
14,(1, 1, 0, 0, 1, 1, 0, 1, 0),3,2,6
14,(1, 1, 1, 1, 1, 1, 0, 1, 0),3,4,4
14,(0, 1, 0, 1, 1, 1, 0, 1, 0),2,23,8
14,(0, 0, 1, 1, 1, 1, 0, 1, 0),3,6,8
14,(1, 0, 0, 1, 1, 1, 0, 0, 1),2,11,6
14,(1, 0, 1, 1, 1, 1, 0, 0, 1),4,3,5
14,(0, 1, 1, 1, 1, 1, 0, 0, 1),4,1,7
14,(1, 1, 0, 0, 1, 1, 0, 0, 1),4,2,3
14,(0, 1, 0, 0, 1, 1, 0, 0, 1),3,9,4
14,(0, 1, 1, 0, 1, 1, 1, 1, 1),1,76,4
14,(1, 1, 1, 0, 0, 0, 1, 1, 1),4,4,5
14,(1, 0, 1, 0, 1, 0, 0, 1, 1),5,6,4
14,(1, 1, 1, 1, 0, 1, 1, 1, 1),4,1,5
14,(0, 1, 1, 1, 0, 1, 1, 1, 1),5,1,6
14,(0, 1, 1, 1, 0, 0, 1, 1, 1),2,6,7
14,(1, 1, 0, 0, 0, 0, 1, 1, 1),5,3,3
14,(0, 1, 1, 1, 1, 1, 1, 1, 1),3,1,6
14,(1, 0, 1, 0, 1, 1, 1, 1, 1),3,3,4
14,(1, 0, 1, 0, 0, 1, 1, 1, 1),3,1,5
14,(1, 0, 0, 1, 0, 1, 1, 1, 1),3,3,3
14,(0, 0, 1, 0, 0, 0, 0, 1, 1),3,9,6
14,(1, 1, 1, 0, 0, 1, 0, 1, 1),5,4,8
14,(0, 1, 0, 1, 0, 0, 0, 1, 1),3,4,4
14,(1, 0, 0, 0, 0, 0, 0, 0, 0),6,3,5
14,(0, 0, 0, 1, 1, 1, 0, 1, 1),3,4,9
14,(0, 1, 0, 0, 1, 1, 0, 1, 1),5,3,4
14,(0, 0, 1, 0, 1, 1, 0, 1, 1),6,1,6
14,(0, 0, 0, 0, 1, 1, 0, 1, 1),3,5,4
14,(0, 0, 0, 0, 0, 1, 1, 0, 0),3,1,6
14,(0, 0, 0, 1, 0, 0, 0, 0, 1),3,1,5
14,(0, 0, 0, 0, 0, 0, 1, 0, 0),4,1,5
14,(0, 1, 0, 0, 0, 0, 1, 0, 1),4,1,5
14,(0, 0, 0, 0, 0, 1, 1, 1, 1),6,1,6
14,(0, 0, 0, 0, 1, 0, 1, 1, 1),5,1,8
14,(0, 0, 0, 0, 0, 0, 1, 1, 1),7,3,6
14,(1, 0, 0, 0, 0, 0, 1, 1, 1),4,1,5
14,(0, 1, 0, 0, 0, 0, 0, 1, 1),6,2,7
14,(0, 0, 1, 0, 1, 0, 0, 1, 1),5,1,5
14,(0, 0, 0, 0, 1, 0, 0, 1, 1),4,4,6
14,(0, 1, 0, 0, 1, 0, 0, 1, 1),4,3,3
14,(1, 1, 1, 0, 0, 1, 0, 0, 1),4,12,6
14,(1, 1, 1, 1, 0, 0, 1, 1, 0),2,11,5
14,(0, 0, 1, 0, 1, 1, 1, 0, 0),4,3,6
14,(0, 1, 1, 0, 0, 1, 1, 0, 0),3,3,6
14,(1, 1, 1, 0, 0, 1, 1, 0, 0),4,2,5
14,(1, 0, 1, 0, 1, 0, 1, 0, 0),4,1,1
14,(0, 0, 0, 1, 1, 0, 1, 0, 0),2,6,8
14,(0, 1, 0, 1, 1, 0, 1, 0, 0),2,4,4
14,(1, 0, 1, 0, 0, 0, 1, 0, 0),4,26,5
14,(0, 0, 1, 0, 0, 1, 1, 1, 0),5,27,6
14,(0, 1, 1, 0, 0, 1, 1, 1, 0),3,1,3
14,(0, 0, 0, 1, 0, 1, 1, 1, 0),4,41,7
14,(0, 1, 1, 1, 1, 1, 1, 1, 0),3,30,5
14,(1, 0, 0, 0, 1, 1, 1, 1, 0),2,72,7
14,(0, 1, 0, 1, 0, 1, 1, 1, 0),3,74,7
14,(0, 0, 1, 1, 1, 0, 1, 1, 0),4,11,7
14,(0, 1, 1, 0, 1, 0, 1, 1, 0),3,10,6
14,(1, 1, 1, 0, 1, 0, 1, 1, 0),4,2,4
14,(1, 0, 0, 0, 1, 0, 1, 1, 0),4,1,7
14,(1, 0, 1, 0, 1, 0, 1, 1, 0),6,1,4
14,(0, 0, 1, 0, 1, 0, 1, 1, 0),4,12,5
14,(0, 1, 0, 1, 0, 0, 1, 1, 0),2,10,7
14,(1, 1, 1, 1, 0, 0, 0, 0, 0),5,1,8
14,(0, 1, 0, 1, 0, 0, 0, 1, 0),5,2,7
14,(0, 0, 0, 0, 1, 1, 1, 1, 0),6,2,7
14,(1, 1, 0, 0, 0, 1, 1, 1, 0),7,1,7
14,(1, 0, 0, 1, 0, 0, 1, 1, 0),4,1,7
14,(1, 0, 0, 0, 0, 0, 1, 1, 0),4,5,3
15,(0, 0, 0, 1, 0, 1, 0, 1, 0),2,5,5
15,(0, 1, 0, 1, 0, 1, 0, 1, 0),4,4,3
15,(1, 0, 1, 0, 1, 1, 0, 1, 0),6,2,8
15,(1, 1, 0, 0, 1, 0, 0, 1, 0),4,3,7
15,(1, 0, 0, 1, 0, 0, 0, 1, 0),3,2,3
15,(0, 1, 1, 0, 0, 1, 0, 1, 0),3,1,7
15,(0, 0, 1, 1, 0, 0, 1, 1, 0),6,1,6
15,(1, 0, 1, 0, 0, 0, 1, 1, 0),4,1,4
15,(0, 1, 0, 0, 0, 0, 0, 0, 1),2,8,5
15,(0, 1, 0, 0, 0, 0, 0, 0, 0),7,2,3
15,(1, 1, 1, 1, 1, 0, 0, 0, 0),4,2,5
15,(0, 1, 1, 1, 1, 0, 0, 0, 0),3,1,7
15,(0, 0, 1, 1, 1, 0, 0, 0, 0),4,2,6
15,(1, 1, 0, 1, 1, 0, 0, 0, 0),4,1,7
15,(1, 0, 0, 1, 1, 0, 0, 0, 0),4,1,6
15,(0, 0, 0, 1, 1, 1, 0, 0, 1),4,2,6
15,(0, 1, 1, 0, 1, 0, 0, 0, 1),4,3,7
15,(1, 0, 1, 0, 1, 0, 0, 0, 1),3,4,5
15,(0, 0, 1, 1, 1, 0, 0, 0, 1),6,2,8
15,(0, 0, 1, 0, 1, 0, 0, 0, 1),5,2,5
15,(0, 0, 1, 1, 0, 1, 0, 0, 0),2,6,6
15,(0, 1, 1, 0, 1, 1, 1, 0, 1),2,5,7
15,(1, 1, 1, 0, 0, 1, 1, 0, 1),5,5,6
15,(0, 1, 0, 1, 0, 1, 1, 0, 1),3,4,5
15,(0, 0, 1, 1, 0, 1, 1, 0, 1),6,1,4
15,(1, 0, 1, 0, 0, 1, 1, 0, 1),5,1,4
15,(1, 0, 0, 0, 0, 1, 1, 0, 1),4,3,7
15,(1, 1, 0, 0, 1, 1, 1, 0, 1),3,2,6
15,(0, 1, 1, 1, 1, 0, 1, 0, 1),5,2,7
15,(1, 1, 0, 1, 1, 0, 1, 0, 1),4,2,6
15,(1, 0, 1, 1, 1, 0, 1, 0, 1),4,1,9
15,(0, 0, 0, 1, 1, 0, 1, 0, 1),6,4,8
15,(1, 0, 1, 1, 0, 0, 1, 0, 1),3,2,4
15,(1, 1, 0, 1, 0, 0, 1, 0, 1),5,2,6
15,(1, 0, 1, 1, 0, 1, 0, 1, 0),1,52,7
15,(1, 1, 0, 1, 1, 1, 0, 0, 0),7,3,5
15,(1, 0, 0, 1, 1, 1, 0, 0, 0),3,3,5
15,(1, 1, 1, 0, 1, 1, 0, 0, 0),4,1,7
15,(1, 1, 1, 1, 0, 1, 0, 0, 0),3,4,5
15,(1, 1, 0, 1, 0, 1, 1, 1, 1),4,8,6
15,(1, 1, 1, 0, 1, 0, 0, 1, 1),3,5,4
15,(1, 1, 0, 0, 1, 0, 0, 1, 1),4,13,5
15,(1, 0, 0, 1, 1, 0, 0, 1, 1),3,6,6
15,(0, 0, 1, 1, 1, 0, 0, 1, 1),5,2,6
15,(0, 1, 0, 1, 1, 0, 0, 1, 1),5,2,6
15,(0, 1, 1, 1, 1, 0, 0, 1, 0),3,34,8
15,(1, 1, 1, 1, 1, 0, 0, 1, 0),6,22,4
15,(1, 0, 1, 1, 1, 0, 0, 1, 0),4,4,5
15,(1, 1, 1, 1, 0, 0, 0, 1, 0),4,5,5
15,(0, 1, 1, 1, 0, 0, 0, 1, 0),3,5,4
15,(1, 0, 1, 1, 0, 0, 0, 0, 0),4,3,5
15,(0, 1, 1, 0, 1, 0, 1, 0, 1),4,12,4
15,(0, 1, 0, 0, 1, 1, 1, 0, 0),6,15,6
15,(1, 1, 1, 1, 1, 1, 1, 0, 0),4,2,6
15,(0, 1, 0, 1, 1, 1, 1, 0, 0),4,1,6
15,(1, 0, 0, 1, 1, 1, 1, 0, 0),4,1,7
15,(0, 1, 1, 1, 0, 1, 1, 0, 0),3,8,5
15,(1, 1, 1, 1, 0, 1, 1, 0, 0),5,1,4
15,(1, 1, 0, 1, 1, 1, 1, 0, 0),2,7,5
15,(1, 1, 1, 0, 1, 1, 0, 1, 1),3,6,4
15,(0, 1, 1, 1, 1, 1, 0, 1, 1),5,5,6
15,(1, 1, 1, 1, 1, 1, 0, 1, 0),4,1,7
15,(1, 1, 1, 0, 1, 0, 0, 0, 1),4,4,6
15,(1, 1, 1, 1, 1, 0, 0, 0, 1),4,7,5
15,(1, 1, 1, 1, 0, 1, 0, 1, 1),3,3,7
15,(0, 1, 1, 1, 0, 0, 1, 1, 1),3,1,2
15,(0, 1, 1, 0, 0, 1, 1, 1, 1),4,4,7
15,(0, 0, 0, 1, 1, 1, 1, 1, 1),5,3,7
15,(1, 0, 0, 1, 0, 1, 1, 1, 1),4,1,7
15,(1, 0, 0, 0, 1, 0, 1, 1, 1),6,5,6
15,(0, 0, 1, 0, 1, 0, 1, 1, 1),3,4,5
15,(0, 1, 1, 0, 0, 0, 1, 1, 1),3,4,6
15,(0, 0, 1, 0, 0, 0, 0, 0, 0),4,4,7
15,(0, 1, 1, 0, 0, 0, 0, 0, 0),4,1,6
15,(0, 1, 1, 0, 0, 0, 0, 0, 1),4,4,6
15,(0, 1, 1, 1, 0, 0, 0, 0, 1),4,2,6
15,(1, 1, 1, 0, 0, 0, 0, 0, 1),2,3,5
15,(1, 0, 1, 0, 0, 0, 0, 0, 1),2,4,4
15,(1, 0, 0, 1, 0, 0, 0, 1, 1),7,1,6
15,(0, 1, 1, 1, 0, 0, 0, 1, 1),4,1,6
15,(1, 1, 0, 0, 0, 0, 0, 1, 1),4,3,5
15,(0, 1, 0, 1, 1, 1, 0, 1, 1),3,3,4
15,(0, 1, 1, 0, 0, 1, 0, 1, 1),5,3,7
15,(0, 0, 0, 1, 0, 1, 0, 0, 0),4,2,6
15,(0, 1, 0, 0, 0, 1, 0, 0, 0),4,1,7
15,(0, 0, 1, 1, 0, 0, 0, 0, 0),6,1,5
15,(1, 0, 0, 0, 0, 0, 1, 0, 1),3,3,4
15,(0, 1, 0, 0, 1, 1, 0, 0, 1),4,1,6
15,(0, 0, 0, 0, 1, 1, 0, 0, 1),5,2,6
15,(0, 0, 0, 1, 0, 1, 0, 0, 1),4,1,6
15,(0, 0, 0, 0, 0, 1, 0, 0, 1),4,5,7
15,(1, 0, 0, 1, 0, 0, 1, 1, 1),6,2,5
15,(1, 0, 0, 1, 0, 1, 0, 1, 1),4,2,6
15,(0, 0, 1, 0, 0, 1, 0, 1, 1),3,3,7
15,(0, 0, 0, 0, 0, 1, 0, 1, 1),5,4,7
15,(0, 0, 0, 1, 0, 0, 0, 0, 1),4,1,7
15,(0, 0, 0, 0, 0, 0, 1, 1, 1),8,1,6
15,(0, 0, 0, 0, 0, 0, 0, 1, 1),1,27,5
15,(0, 0, 1, 0, 0, 0, 0, 1, 1),4,1,5
15,(1, 1, 0, 1, 0, 0, 1, 0, 0),5,3,7
15,(1, 1, 0, 0, 0, 1, 1, 0, 0),3,5,7
15,(0, 0, 0, 0, 1, 0, 1, 0, 0),4,31,8
15,(0, 0, 1, 1, 1, 0, 1, 0, 0),2,15,6
15,(0, 1, 1, 0, 0, 0, 1, 0, 0),4,7,6
15,(1, 0, 1, 0, 0, 1, 1, 0, 0),3,12,5
15,(1, 1, 1, 0, 0, 1, 1, 0, 0),5,1,3
15,(1, 1, 1, 0, 0, 0, 1, 1, 0),5,24,5
15,(0, 0, 0, 1, 0, 0, 1, 0, 0),4,73,8
15,(1, 1, 1, 1, 0, 1, 1, 1, 0),7,2,5
15,(1, 0, 0, 0, 0, 1, 1, 1, 0),3,14,5
15,(0, 0, 1, 1, 1, 1, 1, 1, 0),6,18,7
15,(0, 1, 1, 1, 1, 1, 1, 1, 0),4,33,7
15,(1, 1, 1, 1, 1, 0, 1, 1, 0),6,1,6
15,(0, 1, 1, 1, 0, 0, 1, 1, 0),3,12,5
15,(1, 1, 0, 0, 0, 0, 1, 1, 0),2,11,4
15,(0, 1, 0, 0, 0, 0, 0, 1, 0),4,22,5
15,(0, 0, 0, 0, 1, 1, 1, 1, 0),7,1,7
15,(0, 0, 1, 0, 0, 1, 1, 1, 0),6,22,7
16,(0, 0, 0, 0, 0, 1, 1, 1, 0),3,21,5
16,(0, 0, 1, 0, 1, 1, 0, 1, 0),5,4,8
16,(0, 1, 1, 0, 1, 1, 0, 1, 0),5,7,7
16,(1, 1, 0, 0, 1, 1, 0, 1, 0),4,1,7
16,(0, 0, 1, 0, 0, 1, 0, 1, 0),3,12,5
16,(0, 0, 0, 0, 1, 0, 0, 1, 0),4,4,7
16,(0, 1, 1, 0, 0, 0, 1, 1, 0),4,2,2
16,(0, 0, 1, 0, 0, 0, 1, 1, 0),5,3,5
16,(1, 0, 1, 0, 0, 0, 0, 1, 0),5,3,6
16,(0, 0, 0, 0, 0, 0, 1, 1, 0),3,3,5
16,(0, 0, 1, 1, 0, 0, 1, 1, 0),7,1,6
16,(0, 0, 0, 1, 0, 0, 0, 1, 0),3,3,8
16,(0, 1, 0, 1, 0, 0, 0, 1, 0),6,1,5
16,(1, 0, 1, 0, 0, 1, 0, 0, 0),4,8,8
16,(1, 1, 0, 0, 0, 0, 0, 0, 1),3,4,6
16,(1, 0, 1, 1, 1, 0, 0, 0, 0),4,4,4
16,(0, 1, 1, 0, 1, 0, 0, 0, 0),5,4,5
16,(0, 0, 0, 1, 1, 0, 0, 0, 0),7,4,7
16,(1, 0, 1, 1, 1, 0, 0, 0, 1),3,2,4
16,(1, 0, 0, 1, 1, 0, 0, 0, 1),4,3,5
16,(0, 1, 0, 1, 1, 1, 0, 0, 1),4,44,5
16,(0, 1, 0, 0, 1, 0, 0, 0, 1),5,2,5
16,(0, 0, 1, 1, 1, 0, 0, 0, 1),7,1,6
16,(0, 1, 0, 0, 1, 0, 0, 0, 0),4,1,5
16,(0, 0, 0, 0, 1, 0, 0, 0, 1),5,8,6
16,(1, 0, 0, 1, 0, 1, 0, 0, 0),3,7,6
16,(1, 1, 0, 0, 0, 1, 0, 0, 0),3,52,7
16,(0, 1, 0, 0, 0, 1, 1, 0, 1),6,4,6
16,(0, 0, 1, 0, 0, 1, 1, 0, 1),3,6,7
16,(1, 0, 0, 1, 0, 1, 1, 0, 1),5,2,7
16,(0, 1, 0, 0, 1, 1, 1, 0, 1),4,4,4
16,(1, 0, 0, 0, 1, 1, 1, 0, 1),5,4,7
16,(1, 1, 0, 0, 1, 0, 1, 0, 1),5,1,6
16,(1, 1, 1, 1, 1, 0, 1, 0, 1),3,2,5
16,(1, 0, 1, 1, 1, 0, 1, 0, 1),5,1,1
16,(0, 1, 0, 1, 1, 0, 1, 0, 1),5,3,7
16,(0, 1, 0, 1, 0, 1, 0, 0, 1),2,15,5
16,(0, 0, 1, 1, 1, 1, 0, 0, 0),5,29,8
16,(1, 0, 0, 1, 1, 1, 0, 0, 0),4,1,4
16,(1, 1, 0, 1, 1, 0, 1, 0, 0),3,7,5
16,(0, 1, 0, 1, 0, 1, 1, 1, 1),1,28,5
16,(0, 1, 1, 0, 0, 1, 0, 0, 0),2,15,4
16,(1, 1, 0, 1, 1, 0, 0, 1, 1),6,4,6
16,(1, 0, 0, 1, 1, 0, 0, 1, 1),4,1,5
16,(1, 1, 1, 0, 0, 0, 0, 0, 0),5,3,6
16,(1, 0, 0, 1, 1, 0, 0, 1, 0),6,1,6
16,(1, 0, 0, 1, 0, 0, 0, 0, 0),3,5,5
16,(1, 1, 0, 0, 1, 1, 1, 0, 0),5,23,5
16,(0, 1, 1, 1, 1, 1, 1, 0, 0),4,5,4
16,(0, 1, 0, 1, 1, 1, 1, 0, 0),5,60,5
16,(0, 1, 1, 1, 0, 1, 1, 0, 0),4,5,5
16,(0, 1, 1, 0, 0, 0, 1, 0, 1),4,20,4
16,(0, 0, 1, 1, 1, 1, 0, 1, 1),4,11,9
16,(1, 0, 1, 1, 1, 0, 1, 1, 1),5,5,8
16,(1, 0, 0, 0, 0, 1, 0, 1, 0),1,72,6
16,(0, 1, 0, 0, 0, 1, 0, 1, 0),2,19,5
16,(1, 1, 0, 1, 0, 1, 0, 1, 0),5,1,7
16,(1, 1, 1, 1, 1, 0, 1, 1, 1),5,26,6
16,(1, 0, 0, 0, 1, 1, 0, 1, 0),3,11,5
16,(1, 1, 0, 1, 1, 1, 0, 1, 0),7,5,6
16,(0, 1, 1, 0, 1, 1, 0, 0, 1),5,10,7
16,(1, 1, 0, 1, 0, 1, 0, 0, 0),4,3,5
16,(0, 1, 1, 1, 0, 1, 0, 0, 0),5,1,5
16,(1, 0, 1, 0, 1, 0, 0, 1, 1),6,1,5
16,(1, 0, 0, 0, 1, 0, 0, 1, 1),1,56,5
16,(1, 1, 0, 0, 1, 0, 0, 1, 1),5,1,4
16,(1, 1, 1, 1, 1, 1, 1, 0, 1),1,33,7
16,(0, 0, 1, 1, 0, 1, 1, 1, 1),2,36,8
16,(0, 0, 1, 1, 0, 0, 1, 1, 1),3,13,6
16,(1, 1, 1, 0, 1, 1, 1, 1, 1),3,1,7
16,(0, 1, 1, 0, 1, 1, 1, 1, 1),2,2,7
16,(1, 0, 1, 0, 0, 1, 1, 1, 1),4,2,8
16,(0, 0, 1, 0, 0, 1, 1, 1, 1),2,12,4
16,(0, 1, 1, 0, 0, 1, 1, 1, 1),5,1,3
16,(0, 0, 0, 1, 1, 1, 1, 1, 1),6,2,8
16,(1, 0, 0, 0, 1, 1, 1, 1, 1),4,2,3
16,(1, 0, 1, 0, 0, 0, 1, 0, 0),5,1,6
16,(0, 1, 1, 0, 0, 0, 0, 1, 0),5,1,4
16,(0, 1, 1, 1, 0, 0, 0, 0, 1),5,1,6
16,(0, 1, 1, 0, 1, 0, 0, 1, 1),4,1,6
16,(0, 0, 1, 1, 0, 0, 0, 1, 1),4,15,6
16,(1, 0, 0, 1, 0, 0, 0, 0, 1),5,5,6
16,(1, 0, 0, 0, 1, 1, 0, 1, 1),6,4,6
16,(0, 0, 0, 0, 0, 1, 0, 0, 0),5,4,6
16,(1, 1, 0, 0, 0, 0, 1, 0, 1),5,3,4
16,(0, 0, 0, 0, 0, 1, 1, 0, 1),5,3,5
16,(0, 0, 0, 1, 0, 0, 1, 0, 1),4,3,6
16,(1, 0, 0, 0, 0, 0, 1, 0, 0),5,1,6
16,(0, 0, 1, 0, 0, 1, 0, 0, 1),4,2,6
16,(0, 1, 0, 1, 1, 0, 1, 1, 1),3,2,7
16,(0, 1, 0, 1, 0, 1, 0, 1, 1),3,3,5
16,(0, 0, 1, 0, 1, 1, 0, 1, 1),7,2,5
16,(0, 1, 0, 0, 0, 1, 1, 1, 1),2,1,5
16,(0, 0, 0, 0, 0, 1, 1, 1, 1),7,2,3
16,(0, 0, 0, 0, 1, 1, 0, 1, 1),4,2,4
16,(0, 1, 0, 0, 1, 1, 0, 1, 1),6,1,6
16,(0, 1, 0, 0, 0, 0, 0, 0, 0),8,1,4
16,(0, 0, 0, 1, 0, 0, 0, 0, 1),5,1,5
16,(0, 0, 0, 0, 0, 0, 0, 0, 1),4,3,6
16,(1, 0, 0, 0, 0, 0, 0, 1, 1),5,2,5
16,(1, 0, 0, 0, 1, 0, 1, 1, 1),7,1,6
16,(1, 0, 0, 0, 0, 0, 1, 1, 1),5,2,6
16,(0, 0, 1, 0, 1, 0, 1, 0, 0),3,5,6
16,(0, 1, 0, 1, 1, 0, 1, 0, 0),3,2,5
16,(1, 0, 0, 1, 1, 0, 1, 0, 0),3,1,5
16,(0, 1, 0, 1, 0, 0, 1, 0, 0),5,3,7
16,(1, 1, 0, 1, 0, 0, 1, 0, 0),6,1,6
16,(1, 1, 0, 1, 1, 1, 1, 1, 0),3,3,7
16,(1, 0, 0, 1, 1, 1, 1, 1, 0),6,3,6
16,(1, 1, 0, 0, 1, 0, 1, 1, 0),2,85,7
16,(0, 0, 1, 1, 1, 0, 1, 1, 0),5,2,5
16,(1, 0, 0, 1, 1, 0, 1, 1, 0),4,4,6
16,(0, 0, 0, 0, 1, 0, 1, 1, 0),3,27,4
16,(1, 1, 1, 1, 0, 0, 1, 1, 0),3,2,5
16,(0, 1, 1, 1, 0, 0, 0, 0, 0),4,38,4
16,(0, 0, 0, 1, 1, 1, 1, 1, 0),5,3,6
16,(0, 0, 1, 1, 1, 1, 1, 1, 0),7,1,7
16,(0, 0, 0, 1, 0, 1, 1, 1, 0),5,3,7
17,(0, 1, 0, 1, 0, 1, 1, 1, 0),4,1,6
17,(0, 1, 0, 0, 0, 1, 1, 1, 0),4,4,5
17,(1, 1, 0, 0, 0, 1, 1, 1, 0),8,1,5
17,(0, 0, 1, 1, 1, 1, 0, 1, 0),4,2,5
17,(1, 0, 1, 1, 0, 1, 0, 1, 0),2,1,8
17,(1, 1, 1, 1, 0, 1, 0, 1, 0),4,3,5
17,(1, 1, 1, 0, 1, 1, 0, 1, 0),3,3,5
17,(0, 1, 0, 0, 1, 1, 0, 1, 0),5,17,6
17,(0, 0, 1, 0, 1, 1, 0, 1, 0),6,1,5
17,(0, 0, 1, 0, 0, 1, 0, 1, 0),4,1,5
17,(0, 1, 0, 1, 0, 1, 0, 1, 0),5,1,4
17,(1, 0, 0, 1, 0, 1, 0, 1, 0),3,1,4
17,(1, 1, 1, 0, 0, 0, 1, 1, 0),6,11,6
17,(1, 0, 0, 0, 0, 0, 1, 1, 0),5,3,5
17,(1, 0, 0, 0, 0, 1, 1, 1, 0),4,1,4
17,(0, 0, 1, 1, 0, 0, 1, 1, 0),8,1,4
17,(0, 0, 0, 1, 0, 1, 1, 1, 0),6,1,1
17,(0, 1, 0, 1, 0, 0, 1, 1, 0),3,2,5
17,(1, 0, 1, 1, 0, 0, 0, 1, 0),4,3,4
17,(0, 0, 1, 1, 0, 0, 0, 1, 0),5,4,4
17,(1, 0, 1, 0, 1, 0, 0, 0, 0),5,10,7
17,(1, 1, 0, 0, 0, 0, 0, 0, 0),3,5,5
17,(0, 1, 1, 1, 1, 0, 0, 0, 1),2,9,7
17,(1, 1, 0, 1, 1, 1, 0, 0, 1),5,23,8
17,(0, 1, 0, 1, 1, 0, 0, 0, 1),4,5,3
17,(0, 0, 0, 1, 1, 1, 0, 0, 1),5,1,6
17,(1, 0, 0, 0, 1, 0, 0, 0, 1),6,3,6
17,(1, 0, 1, 1, 0, 1, 0, 0, 0),5,7,3
17,(0, 0, 1, 0, 1, 0, 0, 0, 1),6,2,7
17,(1, 1, 1, 0, 1, 1, 1, 0, 1),5,48,6
17,(1, 0, 1, 0, 0, 1, 1, 0, 1),6,2,6
17,(1, 0, 1, 1, 0, 1, 1, 0, 1),6,11,7
17,(0, 0, 1, 0, 1, 0, 1, 0, 1),5,4,7
17,(0, 0, 0, 0, 1, 0, 1, 1, 1),6,1,5
17,(0, 0, 0, 1, 1, 1, 0, 0, 0),2,13,7
17,(0, 0, 1, 0, 1, 1, 0, 0, 0),5,38,8
17,(1, 1, 1, 0, 1, 1, 0, 0, 0),5,1,8
17,(1, 1, 1, 1, 0, 0, 1, 0, 0),3,12,7
17,(1, 0, 1, 0, 1, 1, 1, 1, 0),4,17,6
17,(0, 1, 1, 1, 1, 0, 0, 1, 1),7,4,5
17,(0, 0, 1, 1, 1, 0, 0, 1, 1),6,2,5
17,(1, 1, 0, 1, 1, 0, 0, 1, 0),5,6,5
17,(1, 0, 1, 1, 1, 0, 0, 1, 0),5,3,7
17,(1, 1, 1, 1, 0, 0, 0, 1, 1),5,76,8
17,(0, 1, 0, 1, 1, 1, 1, 0, 0),6,1,7
17,(1, 0, 1, 0, 1, 1, 1, 0, 0),4,9,7
17,(1, 0, 0, 1, 1, 1, 1, 0, 0),5,2,5
17,(1, 1, 0, 1, 0, 1, 1, 0, 0),2,9,5
17,(1, 1, 1, 0, 0, 0, 1, 0, 1),5,20,6
17,(1, 1, 1, 1, 1, 1, 0, 1, 1),4,67,9
17,(1, 1, 1, 1, 1, 1, 0, 0, 1),4,22,6
17,(1, 1, 0, 1, 0, 1, 0, 0, 0),5,1,4
17,(1, 1, 0, 1, 0, 0, 1, 1, 1),4,15,8
17,(0, 1, 1, 0, 1, 1, 1, 1, 1),3,1,8
17,(1, 0, 0, 1, 1, 1, 1, 1, 1),4,4,5
17,(0, 0, 1, 1, 0, 1, 1, 1, 1),3,1,7
17,(1, 0, 1, 0, 0, 0, 1, 1, 1),3,16,6
17,(1, 1, 0, 1, 1, 0, 1, 1, 1),6,3,5
17,(1, 1, 0, 0, 1, 0, 1, 1, 1),5,4,5
17,(0, 1, 0, 0, 1, 0, 1, 1, 1),3,37,6
17,(0, 1, 1, 0, 0, 1, 1, 0, 0),4,1,5
17,(1, 0, 1, 0, 0, 1, 1, 0, 0),4,1,4
17,(1, 0, 1, 0, 0, 0, 1, 0, 0),6,1,7
17,(0, 1, 1, 0, 0, 0, 0, 1, 0),6,1,5
17,(0, 0, 1, 0, 0, 0, 0, 1, 0),5,3,5
17,(1, 1, 1, 1, 0, 0, 0, 0, 1),6,3,6
17,(0, 0, 1, 0, 0, 0, 0, 0, 1),4,7,6
17,(0, 0, 1, 0, 0, 1, 0, 1, 1),4,1,4
17,(1, 0, 1, 0, 0, 0, 0, 1, 1),5,1,6
17,(1, 1, 1, 0, 1, 0, 0, 1, 1),4,1,6
17,(0, 1, 1, 0, 0, 0, 0, 1, 1),4,4,6
17,(0, 1, 1, 1, 0, 1, 0, 1, 1),6,5,7
17,(0, 0, 0, 1, 0, 0, 0, 1, 1),2,20,5
17,(1, 1, 1, 0, 0, 1, 0, 1, 1),6,23,9
17,(0, 0, 1, 1, 0, 1, 0, 0, 0),3,1,7
17,(0, 0, 1, 1, 0, 0, 0, 0, 0),7,1,5
17,(1, 0, 0, 0, 0, 1, 1, 0, 1),5,2,5
17,(1, 0, 1, 1, 0, 0, 1, 0, 1),4,2,7
17,(0, 0, 1, 0, 0, 1, 1, 0, 1),4,1,5
17,(0, 0, 1, 0, 0, 0, 1, 0, 1),3,22,6
17,(0, 1, 0, 0, 0, 0, 1, 0, 0),5,3,7
17,(1, 0, 0, 0, 0, 0, 1, 0, 0),6,1,7
17,(0, 0, 0, 1, 0, 0, 1, 0, 1),5,13,8
17,(1, 0, 0, 0, 1, 1, 0, 0, 1),4,3,5
17,(1, 0, 1, 0, 0, 1, 0, 0, 1),4,3,7
17,(0, 0, 0, 1, 1, 0, 1, 1, 1),2,4,6
17,(0, 0, 1, 1, 0, 0, 1, 1, 1),4,1,6
17,(0, 0, 0, 1, 0, 0, 1, 1, 1),3,5,5
17,(0, 1, 0, 1, 1, 1, 0, 1, 1),4,26,6
17,(1, 0, 1, 0, 0, 1, 1, 1, 1),5,1,6
17,(1, 0, 0, 0, 0, 1, 0, 1, 1),5,5,6
17,(1, 0, 0, 0, 1, 1, 0, 1, 1),7,1,4
17,(0, 0, 0, 0, 0, 0, 1, 1, 0),4,1,6
17,(0, 0, 0, 0, 1, 0, 0, 1, 0),5,1,7
17,(0, 0, 0, 0, 0, 1, 0, 1, 1),6,1,4
17,(0, 0, 0, 0, 1, 1, 0, 0, 1),6,1,5
17,(0, 1, 0, 0, 0, 0, 1, 1, 1),5,2,8
17,(1, 1, 0, 0, 1, 1, 1, 0, 0),6,1,7
17,(0, 1, 1, 0, 1, 0, 1, 0, 0),6,3,7
17,(1, 0, 1, 0, 1, 0, 1, 0, 0),5,2,4
17,(0, 1, 0, 0, 1, 0, 1, 0, 0),2,27,5
17,(1, 1, 1, 0, 0, 0, 1, 0, 0),4,25,3
17,(1, 0, 0, 1, 1, 0, 1, 0, 0),4,1,4
17,(1, 0, 0, 0, 0, 1, 1, 0, 0),4,5,5
17,(1, 0, 1, 0, 0, 1, 1, 1, 0),4,22,4
17,(1, 1, 0, 1, 0, 1, 1, 1, 0),3,46,3
17,(1, 1, 0, 1, 1, 0, 1, 1, 0),3,7,4
17,(0, 0, 1, 0, 1, 0, 1, 1, 0),5,2,7
18,(0, 0, 1, 0, 1, 1, 1, 1, 0),3,10,4
18,(0, 0, 1, 1, 1, 1, 1, 1, 0),8,1,6
18,(0, 1, 0, 0, 0, 1, 1, 1, 0),5,1,5
18,(0, 0, 0, 1, 1, 1, 0, 1, 0),3,7,7
18,(1, 0, 0, 1, 1, 1, 0, 1, 0),3,4,3
18,(1, 0, 1, 1, 0, 1, 0, 1, 0),3,1,5
18,(0, 1, 1, 0, 1, 1, 0, 1, 0),6,2,6
18,(0, 0, 0, 0, 1, 1, 0, 1, 0),3,12,6
18,(0, 1, 0, 0, 0, 1, 0, 1, 0),3,1,5
18,(0, 0, 0, 1, 0, 1, 0, 1, 0),3,3,6
18,(0, 0, 1, 0, 1, 0, 0, 1, 0),3,9,6
18,(1, 0, 0, 1, 0, 0, 1, 1, 0),5,25,7
18,(1, 0, 1, 1, 0, 0, 1, 1, 0),4,1,6
18,(0, 1, 1, 1, 0, 0, 0, 1, 0),4,3,5
18,(1, 1, 1, 1, 0, 0, 0, 1, 0),5,2,5
18,(1, 1, 0, 0, 1, 0, 0, 0, 1),4,32,8
18,(0, 1, 0, 0, 0, 1, 0, 0, 1),3,41,7
18,(0, 1, 0, 0, 1, 1, 0, 0, 1),5,3,5
18,(1, 1, 1, 0, 1, 0, 0, 0, 0),2,5,7
18,(0, 0, 1, 1, 1, 0, 0, 0, 0),5,16,7
18,(0, 0, 1, 1, 0, 1, 0, 0, 1),7,18,8
18,(1, 0, 0, 1, 1, 0, 0, 0, 1),5,2,6
18,(0, 0, 1, 1, 1, 0, 0, 0, 1),8,1,5
18,(0, 0, 0, 1, 1, 0, 0, 0, 1),5,8,4
18,(0, 0, 0, 0, 1, 0, 0, 0, 1),6,1,3
18,(0, 0, 0, 0, 1, 0, 0, 0, 0),4,9,7
18,(1, 0, 1, 0, 1, 0, 0, 0, 1),4,2,7
18,(1, 0, 0, 0, 1, 1, 0, 0, 0),3,4,7
18,(0, 0, 0, 0, 1, 1, 0, 0, 0),4,8,3
18,(1, 1, 0, 0, 0, 1, 0, 0, 0),4,1,7
18,(1, 0, 1, 0, 1, 1, 1, 0, 1),4,3,6
18,(1, 0, 1, 1, 1, 1, 1, 0, 1),3,7,5
18,(1, 0, 0, 1, 1, 1, 1, 0, 1),3,9,5
18,(1, 0, 0, 1, 1, 0, 1, 0, 1),4,7,5
18,(0, 0, 1, 1, 1, 0, 1, 0, 1),3,5,8
18,(1, 1, 0, 1, 1, 0, 1, 0, 1),5,18,6
18,(0, 0, 1, 1, 1, 1, 0, 0, 0),6,12,5
18,(1, 1, 1, 0, 1, 1, 0, 0, 0),6,1,8
18,(1, 1, 1, 0, 1, 0, 1, 0, 0),3,12,5
18,(1, 0, 1, 1, 1, 0, 0, 1, 1),5,41,6
18,(1, 1, 1, 1, 1, 0, 1, 0, 0),4,7,5
18,(1, 1, 0, 1, 1, 0, 0, 1, 0),6,1,7
18,(0, 0, 0, 1, 1, 0, 0, 1, 0),1,92,7
18,(0, 0, 1, 1, 1, 0, 0, 1, 0),5,13,4
18,(1, 1, 1, 1, 1, 0, 0, 1, 0),7,2,6
18,(1, 1, 0, 1, 0, 1, 0, 1, 1),3,7,7
18,(1, 0, 0, 0, 1, 1, 1, 0, 0),3,28,3
18,(1, 1, 1, 1, 0, 1, 1, 0, 0),6,3,5
18,(0, 1, 0, 1, 0, 1, 1, 0, 0),7,4,6
18,(0, 0, 0, 1, 0, 1, 1, 0, 0),3,61,7
18,(1, 1, 1, 1, 1, 1, 0, 1, 1),5,1,8
18,(0, 1, 1, 1, 1, 1, 1, 0, 1),6,21,9
18,(0, 1, 0, 1, 1, 1, 1, 0, 1),3,72,7
18,(0, 1, 1, 1, 1, 1, 0, 1, 0),7,6,8
18,(1, 1, 1, 0, 1, 1, 0, 0, 1),3,31,7
18,(0, 0, 1, 1, 1, 1, 0, 0, 1),3,22,5
18,(1, 1, 1, 1, 1, 1, 0, 0, 1),5,1,6
18,(0, 1, 0, 1, 0, 1, 0, 0, 0),4,30,6
18,(1, 0, 1, 1, 0, 1, 1, 1, 1),5,28,6
18,(1, 1, 1, 1, 0, 0, 1, 1, 1),4,43,7
18,(0, 1, 0, 1, 0, 0, 1, 1, 1),4,10,5
18,(1, 1, 1, 0, 0, 1, 1, 1, 1),4,6,6
18,(1, 1, 1, 0, 1, 0, 1, 1, 1),5,5,7
18,(1, 1, 0, 0, 1, 1, 1, 1, 1),4,3,8
18,(1, 0, 1, 0, 1, 0, 1, 1, 1),5,17,6
18,(0, 1, 1, 0, 0, 1, 1, 0, 0),5,1,8
18,(0, 0, 1, 0, 0, 1, 1, 0, 0),4,3,6
18,(0, 0, 1, 0, 0, 0, 1, 1, 0),6,2,5
18,(0, 0, 1, 0, 0, 0, 0, 1, 1),5,3,2
18,(1, 0, 1, 1, 0, 1, 0, 1, 1),4,6,7
18,(1, 1, 0, 1, 0, 0, 0, 1, 1),4,12,7
18,(0, 1, 1, 1, 0, 0, 0, 1, 1),5,1,4
18,(1, 1, 0, 1, 0, 0, 0, 0, 1),5,17,7
18,(1, 1, 1, 0, 1, 1, 0, 1, 1),4,3,5
18,(1, 1, 0, 0, 0, 1, 1, 1, 1),4,4,6
18,(0, 0, 0, 1, 0, 1, 0, 0, 0),5,3,5
18,(1, 0, 0, 1, 0, 1, 0, 0, 0),4,2,6
18,(0, 0, 1, 0, 1, 1, 0, 0, 0),6,1,1
18,(0, 0, 0, 1, 0, 0, 0, 0, 0),4,6,7
18,(0, 1, 0, 1, 0, 1, 1, 0, 1),4,3,6
18,(0, 0, 0, 1, 0, 0, 1, 0, 0),5,2,6
18,(0, 0, 0, 0, 0, 0, 1, 0, 0),5,4,7
18,(1, 0, 0, 0, 0, 1, 1, 0, 1),6,1,7
18,(0, 0, 1, 0, 0, 0, 1, 0, 1),4,1,8
18,(1, 0, 0, 0, 0, 1, 0, 0, 1),5,5,5
18,(1, 0, 1, 1, 1, 0, 1, 1, 1),6,28,7
18,(1, 0, 0, 1, 0, 0, 1, 1, 1),7,3,7
18,(0, 1, 1, 0, 0, 0, 1, 1, 1),4,77,6
18,(0, 0, 1, 1, 0, 0, 1, 1, 1),5,1,6
18,(1, 0, 0, 1, 0, 1, 0, 1, 1),5,2,5
18,(0, 0, 0, 1, 0, 1, 0, 1, 1),3,6,5
18,(1, 0, 0, 0, 0, 1, 1, 1, 1),5,3,4
18,(1, 1, 1, 0, 0, 1, 0, 1, 1),7,1,7
18,(0, 1, 0, 0, 0, 1, 0, 1, 1),4,14,6
18,(0, 0, 0, 0, 0, 0, 0, 1, 0),5,3,9
18,(1, 1, 1, 0, 0, 0, 0, 0, 0),6,1,6
18,(0, 0, 0, 1, 0, 1, 0, 0, 1),5,2,6
18,(0, 1, 0, 0, 0, 0, 0, 0, 1),3,3,8
18,(1, 0, 0, 0, 0, 0, 0, 0, 1),5,4,6
18,(1, 1, 0, 0, 1, 0, 0, 1, 1),6,17,6
18,(1, 1, 0, 0, 0, 1, 1, 0, 0),4,2,3
18,(0, 0, 0, 0, 1, 1, 1, 0, 0),4,21,7
18,(0, 0, 1, 0, 1, 1, 1, 0, 0),5,4,5
18,(1, 0, 1, 0, 1, 1, 1, 0, 0),5,1,4
18,(1, 0, 1, 1, 0, 0, 1, 0, 0),3,99,4
18,(1, 0, 1, 1, 0, 1, 1, 1, 0),6,55,5
18,(0, 0, 1, 1, 0, 1, 1, 1, 0),3,41,5
18,(0, 1, 1, 1, 0, 1, 1, 1, 0),3,81,7
18,(1, 1, 1, 1, 0, 1, 1, 1, 0),8,7,4
18,(1, 1, 1, 0, 1, 0, 1, 1, 0),5,3,7
18,(1, 1, 0, 0, 1, 1, 1, 1, 0),6,9,4
18,(1, 0, 1, 1, 1, 0, 1, 1, 0),6,29,5
18,(1, 1, 1, 1, 1, 0, 1, 1, 0),7,4,4
18,(1, 0, 1, 0, 1, 0, 1, 1, 0),7,2,3
18,(0, 0, 0, 1, 1, 1, 1, 1, 0),6,1,6
18,(1, 0, 1, 0, 1, 1, 0, 1, 0),7,1,7
19,(0, 1, 0, 0, 1, 0, 0, 1, 0),5,19,9
19,(0, 1, 0, 1, 0, 1, 0, 1, 0),6,4,6
19,(1, 0, 1, 0, 0, 0, 1, 1, 0),5,85,3
19,(0, 0, 0, 1, 0, 1, 1, 1, 0),7,1,3
19,(1, 1, 1, 1, 1, 0, 0, 0, 1),5,14,6
19,(0, 1, 1, 1, 1, 0, 0, 0, 0),4,4,6
19,(1, 0, 1, 1, 1, 0, 0, 0, 0),5,3,6
19,(1, 1, 0, 0, 1, 0, 0, 0, 0),2,8,7
19,(1, 0, 1, 1, 1, 0, 0, 0, 1),4,2,3
19,(0, 1, 0, 0, 1, 0, 0, 0, 0),5,2,5
19,(0, 1, 1, 0, 1, 0, 0, 0, 1),5,5,8
19,(0, 1, 0, 0, 1, 1, 0, 0, 0),6,5,6
19,(1, 1, 1, 0, 0, 1, 1, 0, 1),6,4,6
19,(1, 1, 0, 1, 0, 1, 1, 0, 1),3,19,7
19,(0, 0, 0, 1, 1, 1, 1, 0, 1),3,9,8
19,(0, 0, 1, 1, 1, 1, 1, 0, 1),5,21,5
19,(1, 0, 0, 0, 1, 0, 1, 0, 1),6,21,6
19,(0, 0, 0, 1, 1, 0, 1, 0, 1),7,3,5
19,(1, 0, 0, 1, 1, 0, 1, 0, 1),5,1,4
19,(0, 1, 0, 1, 1, 0, 1, 0, 1),6,2,4
19,(1, 0, 1, 1, 1, 0, 1, 0, 1),6,5,4
19,(0, 1, 1, 1, 1, 0, 1, 0, 1),6,4,6
19,(1, 1, 0, 1, 0, 1, 0, 0, 1),5,37,6
19,(1, 0, 1, 1, 1, 1, 0, 0, 0),3,50,6
19,(0, 1, 1, 1, 1, 0, 0, 1, 1),8,2,8
19,(0, 0, 0, 1, 1, 0, 0, 1, 1),2,39,4
19,(1, 0, 0, 1, 1, 0, 0, 1, 0),7,2,6
19,(0, 0, 1, 1, 0, 1, 1, 0, 0),2,20,6
19,(0, 1, 1, 1, 1, 1, 0, 1, 1),6,5,5
19,(1, 1, 1, 1, 1, 0, 1, 1, 1),6,2,5
19,(1, 1, 1, 1, 1, 1, 1, 0, 1),2,2,7
19,(0, 1, 1, 1, 1, 1, 0, 0, 0),3,74,6
19,(1, 1, 1, 1, 0, 1, 0, 0, 0),4,2,9
19,(1, 1, 1, 1, 0, 1, 0, 0, 1),4,8,5
19,(0, 1, 1, 1, 0, 1, 0, 0, 1),3,38,6
19,(1, 1, 0, 1, 0, 0, 1, 1, 1),5,2,6
19,(0, 1, 1, 1, 1, 1, 1, 1, 1),4,6,6
19,(1, 1, 1, 0, 1, 1, 1, 1, 1),4,19,4
19,(0, 1, 0, 1, 1, 1, 1, 1, 1),3,40,5
19,(0, 1, 0, 1, 0, 1, 1, 1, 1),2,7,5
19,(0, 0, 0, 1, 0, 1, 1, 1, 1),6,11,5
19,(1, 0, 1, 1, 0, 1, 1, 1, 1),6,1,6
19,(0, 1, 0, 0, 1, 1, 1, 1, 1),2,31,7
19,(0, 1, 1, 0, 0, 0, 1, 0, 0),5,15,7
19,(0, 0, 1, 0, 0, 1, 1, 1, 0),7,2,4
19,(1, 0, 1, 0, 0, 0, 0, 1, 0),6,5,6
19,(1, 1, 1, 0, 0, 0, 0, 0, 1),3,3,8
19,(1, 0, 1, 0, 1, 0, 0, 0, 1),5,1,6
19,(0, 1, 0, 1, 0, 0, 0, 1, 1),4,5,7
19,(1, 1, 0, 1, 0, 0, 0, 1, 1),5,1,3
19,(1, 1, 1, 0, 1, 1, 0, 1, 1),5,3,4
19,(1, 0, 1, 0, 0, 1, 0, 1, 1),4,12,3
19,(1, 0, 0, 1, 0, 0, 0, 0, 0),4,3,7
19,(0, 1, 0, 1, 0, 0, 0, 1, 0),7,3,6
19,(1, 0, 0, 1, 0, 0, 1, 0, 1),5,10,7
19,(0, 1, 1, 0, 1, 0, 1, 0, 0),7,1,6
19,(1, 0, 1, 0, 1, 0, 1, 0, 0),6,1,6
19,(0, 1, 0, 0, 1, 0, 1, 0, 0),3,1,7
19,(0, 1, 0, 0, 0, 0, 1, 0, 1),5,5,7
19,(0, 1, 0, 0, 1, 0, 1, 1, 1),4,1,6
19,(1, 0, 0, 0, 1, 0, 1, 1, 1),8,1,7
19,(1, 0, 0, 0, 0, 0, 1, 1, 1),6,2,4
19,(0, 0, 0, 1, 0, 0, 1, 1, 1),4,1,5
19,(1, 1, 0, 0, 1, 1, 0, 0, 1),5,4,5
19,(1, 0, 1, 1, 1, 0, 1, 1, 1),7,1,5
19,(0, 0, 1, 0, 0, 0, 1, 1, 1),3,20,5
19,(0, 0, 1, 1, 1, 1, 0, 1, 1),5,3,7
19,(0, 0, 0, 0, 1, 1, 1, 1, 1),5,24,7
19,(1, 1, 1, 0, 0, 1, 0, 1, 1),8,1,6
19,(0, 0, 0, 1, 0, 0, 0, 1, 0),4,3,3
19,(0, 0, 1, 1, 1, 0, 0, 1, 0),6,1,5
19,(1, 0, 0, 0, 0, 0, 0, 1, 1),6,1,5
19,(0, 0, 0, 0, 1, 0, 1, 1, 0),4,1,8
19,(1, 0, 0, 0, 0, 0, 1, 1, 0),6,1,5
19,(0, 0, 0, 0, 0, 0, 1, 1, 0),5,2,5
19,(0, 1, 1, 0, 0, 0, 0, 1, 0),7,3,7
19,(0, 0, 1, 0, 0, 0, 0, 1, 0),6,2,5
19,(0, 1, 1, 0, 0, 0, 0, 0, 0),5,3,7
19,(1, 1, 0, 0, 0, 1, 0, 0, 0),5,1,8
19,(0, 0, 0, 0, 0, 0, 0, 1, 0),6,1,6
19,(0, 0, 0, 0, 1, 0, 0, 0, 0),5,1,7
19,(0, 0, 0, 0, 0, 0, 0, 0, 1),5,2,7
19,(0, 1, 0, 0, 1, 1, 0, 0, 1),6,1,6
19,(1, 0, 0, 0, 1, 1, 0, 0, 1),5,1,5
19,(0, 1, 0, 0, 1, 0, 0, 0, 1),6,3,5
19,(1, 1, 0, 0, 0, 1, 1, 0, 0),5,1,6
19,(1, 1, 0, 0, 1, 0, 1, 0, 0),5,5,5
19,(1, 0, 1, 1, 0, 0, 1, 0, 0),4,1,8
19,(0, 1, 1, 1, 0, 0, 1, 0, 0),3,6,8
19,(1, 0, 0, 1, 0, 0, 1, 0, 0),3,22,5
19,(1, 1, 0, 0, 0, 0, 1, 0, 0),6,49,7
19,(1, 1, 1, 1, 0, 0, 1, 0, 0),4,8,7
19,(1, 0, 0, 1, 0, 1, 1, 1, 0),5,25,6
19,(1, 0, 0, 1, 1, 1, 1, 1, 0),7,2,7
19,(1, 1, 0, 0, 1, 0, 1, 1, 0),3,2,5
19,(0, 1, 1, 1, 1, 1, 1, 1, 0),5,4,5
19,(0, 1, 0, 1, 1, 1, 1, 1, 0),5,42,5
19,(0, 1, 1, 0, 1, 1, 0, 1, 0),7,11,7
19,(0, 1, 1, 0, 0, 1, 0, 1, 0),4,1,7
19,(1, 0, 0, 1, 0, 0, 1, 1, 0),6,1,5
19,(1, 1, 1, 1, 1, 0, 0, 1, 0),8,1,3
19,(1, 1, 1, 0, 1, 0, 1, 1, 1),6,1,5
20,(0, 1, 0, 1, 0, 0, 1, 1, 1),5,2,5
20,(1, 0, 1, 1, 0, 0, 0, 1, 1),4,7,7
20,(1, 1, 0, 1, 1, 1, 0, 1, 1),4,7,9
20,(1, 1, 1, 0, 1, 1, 0, 1, 1),6,1,4
20,(0, 1, 1, 1, 1, 1, 0, 0, 0),4,1,1
20,(0, 0, 1, 1, 0, 1, 0, 0, 0),4,4,7
20,(1, 0, 1, 1, 0, 0, 0, 0, 0),5,2,7
20,(0, 1, 0, 1, 0, 0, 0, 0, 0),6,7,7
20,(1, 1, 0, 0, 1, 0, 1, 1, 1),6,3,4
20,(0, 1, 1, 1, 0, 1, 1, 0, 1),7,4,6
20,(1, 1, 0, 1, 0, 1, 1, 0, 1),4,1,2
20,(1, 0, 0, 1, 0, 1, 1, 0, 1),6,4,6
20,(0, 0, 1, 1, 0, 0, 1, 0, 1),6,6,6
20,(1, 1, 0, 1, 0, 0, 1, 0, 1),6,5,7
20,(0, 0, 0, 1, 0, 1, 1, 0, 0),4,2,8
20,(0, 1, 1, 0, 0, 1, 1, 0, 0),6,1,5
20,(0, 0, 0, 1, 1, 0, 1, 0, 0),3,3,8
20,(0, 1, 0, 1, 0, 0, 1, 0, 0),6,3,7
20,(1, 1, 0, 1, 0, 0, 1, 0, 0),7,2,4
20,(1, 0, 0, 0, 0, 0, 1, 0, 0),7,4,6
20,(1, 1, 0, 0, 0, 0, 1, 0, 1),6,4,6
20,(0, 0, 0, 0, 0, 1, 1, 1, 1),8,3,8
20,(1, 0, 0, 0, 0, 1, 1, 1, 1),6,1,3
20,(0, 0, 0, 0, 0, 0, 1, 1, 1),9,5,6
20,(0, 1, 0, 0, 0, 0, 1, 1, 1),6,2,6
20,(0, 0, 0, 0, 0, 1, 1, 0, 1),6,12,8
20,(1, 0, 0, 0, 0, 1, 1, 0, 1),7,4,4
20,(1, 0, 0, 0, 0, 0, 1, 0, 1),4,6,5
20,(1, 0, 1, 0, 0, 0, 1, 1, 1),4,3,6
20,(0, 0, 0, 1, 1, 1, 0, 1, 1),4,29,6
20,(1, 1, 0, 1, 0, 1, 0, 1, 1),4,2,7
20,(0, 1, 1, 1, 0, 0, 0, 1, 0),5,2,6
20,(1, 1, 1, 1, 0, 0, 0, 1, 0),6,1,6
20,(1, 0, 1, 1, 0, 0, 0, 1, 0),5,2,3
20,(0, 0, 1, 1, 0, 0, 0, 1, 1),5,1,3
20,(0, 0, 0, 1, 0, 0, 0, 1, 1),3,2,7
20,(1, 0, 0, 0, 0, 0, 1, 1, 0),7,1,5
20,(0, 1, 1, 0, 1, 0, 0, 0, 1),6,1,1
20,(0, 0, 0, 0, 1, 1, 0, 0, 0),5,17,8
20,(1, 0, 0, 1, 0, 1, 0, 0, 0),5,1,4
20,(0, 0, 0, 0, 0, 0, 0, 1, 0),7,1,7
20,(0, 0, 0, 0, 0, 0, 0, 0, 0),5,7,7
20,(0, 1, 0, 0, 0, 0, 0, 0, 1),4,1,6
20,(0, 1, 1, 1, 0, 1, 0, 0, 1),4,1,2
20,(1, 0, 1, 0, 0, 1, 0, 0, 1),5,3,8
20,(0, 1, 0, 0, 0, 1, 1, 1, 1),3,4,6
20,(1, 1, 1, 0, 0, 1, 1, 1, 1),5,2,7
20,(1, 1, 0, 0, 1, 0, 0, 1, 1),7,1,5
20,(0, 1, 0, 0, 0, 1, 1, 0, 0),3,15,7
20,(1, 0, 1, 1, 0, 1, 1, 1, 0),7,2,5
20,(1, 1, 1, 1, 1, 1, 1, 1, 0),5,40,7
20,(1, 0, 1, 1, 1, 1, 1, 1, 0),5,7,4
20,(1, 1, 0, 0, 1, 0, 1, 1, 0),4,1,1
20,(1, 1, 0, 1, 1, 1, 1, 1, 0),4,4,5
20,(0, 1, 1, 1, 1, 0, 1, 1, 0),4,7,8
20,(0, 1, 0, 1, 1, 0, 1, 1, 0),4,27,7
20,(1, 1, 0, 1, 1, 0, 1, 1, 0),4,2,6
20,(0, 0, 1, 1, 1, 0, 1, 1, 0),6,37,7
20,(0, 0, 0, 1, 1, 0, 1, 1, 0),3,124,5
20,(1, 1, 1, 1, 0, 0, 0, 0, 0),6,19,5
20,(1, 1, 0, 0, 0, 0, 0, 1, 0),3,13,9
20,(1, 0, 0, 0, 1, 0, 0, 1, 0),2,46,9
20,(1, 1, 0, 1, 1, 1, 0, 1, 0),8,13,7
20,(0, 1, 0, 1, 1, 1, 1, 1, 0),6,1,4
20,(1, 1, 0, 0, 0, 0, 1, 1, 0),3,37,5
20,(1, 0, 0, 0, 1, 0, 0, 1, 1),2,12,6
20,(1, 0, 1, 0, 1, 1, 1, 1, 0),5,1,4
20,(0, 0, 0, 1, 1, 1, 1, 1, 0),7,1,5
20,(0, 1, 1, 1, 0, 1, 0, 1, 0),3,48,6
20,(0, 0, 1, 0, 1, 1, 0, 1, 0),7,10,9
20,(0, 1, 0, 0, 1, 1, 0, 1, 0),6,12,6
20,(1, 0, 0, 0, 1, 1, 0, 1, 0),4,15,7
20,(1, 0, 0, 0, 1, 1, 1, 1, 0),3,19,5
20,(0, 0, 0, 1, 1, 1, 0, 1, 0),4,2,7
20,(0, 0, 0, 0, 1, 1, 0, 1, 0),4,12,3
20,(0, 0, 0, 0, 0, 1, 0, 1, 0),5,9,7
20,(1, 0, 0, 0, 0, 1, 0, 1, 0),2,10,5
20,(1, 1, 0, 1, 0, 0, 1, 1, 0),5,56,4
20,(1, 0, 1, 1, 0, 0, 1, 1, 0),5,66,5
20,(0, 1, 0, 1, 0, 0, 1, 1, 0),4,35,3
20,(0, 0, 1, 0, 1, 0, 0, 0, 0),4,65,8
20,(0, 1, 0, 1, 1, 0, 0, 0, 1),5,26,7
20,(0, 1, 1, 0, 1, 0, 0, 0, 0),6,21,3
20,(0, 0, 0, 1, 1, 0, 0, 0, 0),8,31,7
20,(1, 0, 0, 0, 1, 1, 0, 0, 0),4,3,5
20,(1, 1, 0, 0, 1, 1, 0, 0, 0),4,6,4
20,(1, 0, 0, 1, 1, 1, 0, 0, 0),5,35,7
20,(0, 0, 1, 0, 1, 1, 1, 0, 1),3,49,7
20,(1, 1, 1, 0, 1, 0, 0, 0, 1),5,20,6
20,(1, 0, 1, 0, 1, 1, 1, 0, 1),5,27,8
20,(0, 1, 1, 0, 1, 1, 1, 0, 1),3,27,7
20,(1, 0, 1, 1, 1, 1, 1, 0, 1),4,4,5
20,(1, 1, 0, 0, 1, 1, 1, 0, 1),4,8,8
20,(0, 1, 1, 0, 1, 0, 1, 0, 1),5,21,5
20,(0, 0, 1, 0, 1, 0, 1, 0, 1),6,24,5
20,(0, 1, 1, 1, 1, 1, 1, 0, 1),7,16,2
20,(1, 1, 1, 0, 0, 1, 0, 0, 0),7,72,6
20,(1, 1, 1, 0, 1, 1, 1, 1, 0),4,36,4
20,(0, 1, 1, 1, 0, 0, 1, 0, 1),5,46,5
20,(1, 1, 1, 0, 1, 1, 0, 0, 0),7,33,7
20,(1, 0, 0, 1, 1, 0, 0, 1, 1),5,22,6
20,(0, 1, 0, 1, 1, 0, 0, 1, 1),6,6,5
20,(1, 1, 0, 0, 1, 0, 1, 0, 1),6,35,5
20,(1, 1, 0, 1, 1, 0, 0, 1, 0),7,73,6
20,(0, 1, 1, 1, 0, 1, 1, 0, 0),5,29,4
20,(0, 0, 0, 1, 1, 1, 1, 0, 0),3,163,5
20,(1, 1, 1, 1, 1, 0, 1, 1, 1),7,8,6
20,(1, 0, 1, 1, 1, 1, 0, 0, 1),5,15,5
20,(1, 1, 1, 1, 1, 1, 0, 1, 1),6,21,6
20,(1, 1, 1, 1, 1, 1, 0, 0, 0),3,75,4
20,(1, 0, 1, 0, 0, 1, 0, 1, 0),3,93,4
20,(0, 1, 1, 0, 0, 1, 0, 0, 1),3,79,8
20,(1, 0, 1, 0, 1, 0, 1, 0, 1),3,55,5
20,(0, 1, 1, 1, 1, 0, 1, 1, 1),5,59,4
21,(0, 1, 1, 0, 1, 0, 1, 1, 1),3,13,5
21,(1, 1, 1, 0, 0, 1, 1, 0, 0),6,93,5
21,(1, 0, 1, 1, 0, 0, 0, 0, 1),6,7,7
21,(0, 1, 1, 0, 0, 0, 1, 1, 0),5,68,8
21,(0, 0, 1, 1, 0, 1, 0, 1, 1),4,13,5
21,(1, 1, 1, 0, 0, 0, 0, 0, 1),4,2,7
21,(0, 1, 1, 1, 0, 0, 0, 0, 1),6,55,6
21,(1, 1, 1, 1, 0, 0, 0, 0, 1),7,21,4
21,(1, 1, 1, 1, 0, 0, 0, 1, 1),6,4,5
21,(1, 1, 0, 0, 0, 1, 0, 1, 1),4,26,7
21,(1, 0, 1, 1, 0, 1, 0, 0, 0),6,4,5
21,(0, 1, 1, 0, 0, 1, 0, 0, 0),3,5,5
21,(1, 0, 1, 0, 0, 1, 0, 0, 0),5,12,5
21,(1, 1, 1, 1, 0, 0, 0, 0, 0),7,1,1
21,(0, 0, 1, 1, 0, 1, 1, 0, 1),7,8,7
21,(0, 0, 0, 0, 0, 1, 1, 0, 0),4,29,7
21,(1, 1, 0, 0, 0, 1, 1, 0, 0),6,1,1
21,(1, 1, 1, 0, 1, 0, 1, 0, 0),4,9,8
21,(0, 0, 0, 1, 1, 0, 1, 0, 0),4,1,5
21,(0, 0, 0, 1, 0, 1, 1, 1, 1),7,2,8
21,(0, 0, 0, 1, 1, 0, 1, 1, 1),3,3,7
21,(0, 1, 0, 0, 1, 0, 1, 1, 1),5,2,7
21,(0, 0, 0, 0, 1, 1, 1, 1, 1),6,1,8
21,(1, 0, 0, 0, 1, 0, 1, 1, 1),9,1,8
21,(0, 0, 0, 0, 0, 0, 1, 0, 1),7,19,6
21,(0, 0, 1, 1, 0, 0, 1, 0, 1),7,1,6
21,(0, 1, 0, 1, 0, 0, 1, 0, 0),7,1,5
21,(0, 0, 0, 1, 0, 0, 1, 0, 0),6,17,7
21,(0, 0, 1, 1, 1, 1, 0, 1, 1),6,2,7
21,(0, 0, 0, 1, 1, 1, 1, 1, 1),7,17,4
21,(0, 1, 0, 0, 0, 0, 0, 1, 0),5,6,7
21,(1, 0, 1, 0, 0, 1, 0, 1, 1),5,1,7
21,(0, 0, 0, 0, 0, 1, 1, 1, 1),9,1,5
21,(0, 0, 0, 0, 0, 0, 0, 1, 1),2,19,7
21,(0, 0, 1, 0, 0, 0, 0, 1, 1),6,13,5
21,(0, 0, 0, 1, 0, 1, 1, 1, 0),8,26,7
21,(1, 0, 0, 0, 0, 0, 0, 1, 0),4,5,4
21,(0, 0, 1, 0, 0, 0, 0, 0, 1),5,4,7
21,(0, 0, 1, 0, 0, 0, 0, 0, 0),5,6,5
21,(1, 0, 0, 0, 0, 0, 0, 0, 0),7,11,6
21,(0, 0, 0, 0, 0, 1, 0, 0, 0),6,26,6
21,(0, 0, 1, 0, 1, 0, 0, 0, 0),5,1,1
21,(0, 1, 0, 0, 1, 0, 0, 0, 0),6,1,6
21,(1, 1, 0, 0, 0, 0, 0, 0, 0),4,4,6
21,(0, 0, 0, 0, 1, 0, 0, 0, 1),7,3,8
21,(0, 1, 0, 1, 0, 1, 0, 0, 1),3,6,8
21,(1, 1, 0, 0, 1, 1, 0, 0, 1),6,1,6
21,(0, 0, 0, 0, 1, 1, 0, 0, 1),7,23,8
21,(1, 0, 0, 0, 1, 1, 0, 0, 1),6,2,6
21,(0, 0, 0, 0, 0, 1, 0, 0, 1),5,10,6
21,(1, 1, 0, 0, 0, 0, 0, 0, 1),4,15,6
21,(1, 1, 0, 1, 1, 0, 0, 0, 1),3,36,8
21,(1, 1, 0, 0, 1, 1, 1, 0, 0),7,4,6
21,(0, 1, 0, 0, 1, 1, 1, 0, 0),7,7,7
21,(1, 1, 0, 0, 1, 0, 1, 0, 0),6,2,4
21,(0, 1, 0, 0, 1, 0, 1, 1, 0),2,43,6
21,(1, 0, 0, 1, 1, 0, 1, 1, 0),5,4,6
21,(1, 1, 0, 1, 0, 0, 0, 0, 0),2,52,6
21,(1, 1, 0, 0, 1, 1, 1, 1, 0),7,2,5
21,(1, 1, 0, 0, 0, 0, 1, 1, 0),4,12,6
21,(0, 1, 0, 0, 0, 0, 1, 1, 0),3,29,3
21,(1, 1, 1, 1, 0, 1, 0, 1, 0),5,5,7
21,(0, 1, 1, 0, 1, 1, 0, 1, 0),8,8,6
21,(1, 1, 1, 0, 1, 0, 0, 1, 0),6,34,8
21,(1, 1, 0, 0, 1, 0, 0, 1, 0),5,18,2
21,(0, 1, 0, 0, 1, 1, 0, 1, 0),7,1,7
21,(1, 0, 0, 0, 0, 1, 1, 1, 0),5,14,7
21,(0, 0, 0, 1, 1, 1, 0, 1, 0),5,1,7
21,(1, 1, 0, 1, 0, 1, 0, 1, 0),6,56,7
21,(1, 0, 1, 0, 0, 0, 0, 0, 0),3,38,6
21,(1, 0, 0, 1, 0, 0, 0, 1, 0),4,82,6
21,(0, 1, 1, 1, 0, 0, 1, 1, 0),4,18,5
21,(1, 0, 1, 0, 1, 0, 0, 0, 0),6,16,7
21,(1, 1, 0, 1, 1, 0, 0, 0, 0),5,15,5
21,(1, 0, 0, 0, 1, 0, 0, 0, 0),4,38,4
21,(1, 0, 0, 1, 1, 0, 0, 0, 0),5,20,5
21,(1, 1, 1, 1, 1, 0, 0, 0, 1),6,63,6
21,(1, 0, 1, 0, 1, 0, 0, 1, 1),7,46,8
21,(1, 1, 1, 0, 1, 0, 0, 1, 1),5,47,4
21,(0, 1, 1, 0, 1, 0, 0, 1, 1),5,38,7
21,(0, 1, 1, 1, 1, 0, 0, 0, 1),3,73,5
21,(1, 0, 1, 1, 0, 1, 0, 0, 1),6,57,5
21,(1, 1, 0, 0, 0, 1, 1, 0, 1),3,83,5
21,(0, 1, 1, 0, 0, 1, 1, 0, 1),5,34,6
21,(0, 1, 0, 1, 1, 1, 1, 0, 1),4,19,8
21,(0, 0, 1, 1, 1, 1, 1, 0, 1),6,1,4
21,(0, 0, 0, 0, 1, 1, 1, 0, 1),2,32,7
21,(1, 0, 1, 0, 1, 1, 0, 0, 0),3,48,5
21,(1, 1, 1, 1, 0, 0, 1, 0, 1),4,33,5
21,(1, 1, 0, 0, 0, 1, 0, 1, 0),4,62,5
21,(1, 1, 0, 1, 1, 1, 1, 1, 1),6,15,9
21,(0, 1, 1, 1, 0, 1, 1, 1, 1),6,55,8
21,(1, 1, 1, 1, 1, 1, 0, 0, 1),6,65,4
22,(1, 0, 1, 1, 0, 0, 1, 1, 1),2,72,6
22,(1, 1, 0, 0, 1, 1, 1, 1, 1),5,6,6
22,(1, 1, 1, 0, 0, 0, 0, 1, 1),6,8,6
22,(1, 0, 1, 1, 0, 1, 0, 1, 1),5,3,5
22,(1, 0, 0, 1, 0, 1, 0, 1, 1),6,3,7
22,(1, 0, 0, 1, 1, 0, 0, 0, 1),6,21,6
22,(0, 1, 0, 1, 1, 0, 0, 0, 1),6,1,6
22,(1, 1, 0, 0, 0, 0, 1, 1, 1),6,10,7
22,(0, 1, 0, 1, 0, 1, 1, 0, 1),5,3,7
22,(1, 0, 0, 1, 0, 1, 1, 0, 1),7,2,8
22,(0, 1, 0, 1, 0, 0, 1, 0, 1),3,8,6
22,(0, 1, 1, 1, 0, 1, 1, 0, 0),6,1,8
22,(0, 0, 1, 0, 1, 1, 1, 0, 0),6,3,9
22,(0, 0, 1, 0, 0, 1, 1, 0, 0),5,4,7
22,(0, 0, 0, 0, 1, 1, 1, 0, 0),5,4,5
22,(0, 1, 0, 1, 1, 0, 1, 0, 0),4,4,6
22,(1, 0, 1, 0, 1, 0, 1, 0, 0),7,2,6
22,(0, 1, 0, 0, 0, 1, 1, 0, 0),4,1,6
22,(0, 0, 0, 1, 1, 0, 1, 1, 1),4,1,7
22,(0, 1, 0, 0, 1, 0, 1, 1, 1),6,1,6
22,(0, 1, 0, 1, 0, 0, 1, 1, 1),6,2,6
22,(0, 0, 0, 0, 0, 1, 1, 0, 1),7,2,4
22,(1, 0, 0, 0, 0, 1, 1, 0, 1),8,1,5
22,(1, 1, 0, 0, 0, 0, 1, 0, 1),7,2,4
22,(1, 0, 0, 1, 0, 0, 1, 0, 0),4,2,8
22,(0, 1, 1, 1, 1, 0, 1, 1, 1),6,1,7
22,(0, 1, 1, 0, 1, 0, 1, 1, 1),4,1,5
22,(0, 1, 0, 1, 0, 1, 0, 1, 1),4,6,8
22,(0, 1, 0, 1, 1, 1, 1, 1, 1),4,33,5
22,(1, 0, 0, 1, 1, 1, 1, 1, 1),5,19,6
22,(1, 0, 0, 0, 1, 1, 1, 1, 1),5,12,4
22,(0, 0, 1, 1, 0, 0, 0, 1, 0),6,29,7
22,(0, 1, 1, 0, 0, 0, 0, 1, 0),8,2,6
22,(0, 0, 1, 1, 1, 1, 0, 1, 1),7,1,8
22,(0, 0, 0, 0, 0, 1, 0, 1, 1),7,4,5
22,(0, 1, 0, 0, 0, 1, 1, 1, 1),4,1,7
22,(0, 0, 0, 0, 1, 0, 0, 1, 1),5,4,7
22,(0, 0, 1, 1, 0, 0, 0, 1, 1),6,1,7
22,(0, 0, 0, 0, 0, 0, 1, 1, 1),10,3,7
22,(0, 1, 0, 0, 0, 0, 1, 1, 1),7,1,3
22,(0, 1, 0, 1, 0, 1, 1, 1, 0),5,2,6
22,(1, 0, 0, 1, 0, 1, 1, 1, 0),6,2,7
22,(0, 0, 0, 0, 0, 1, 1, 1, 0),4,12,6
22,(0, 1, 1, 0, 0, 0, 1, 1, 0),6,1,6
22,(1, 0, 1, 0, 0, 0, 1, 1, 0),6,3,8
22,(0, 0, 0, 0, 1, 0, 0, 1, 0),6,5,7
22,(1, 0, 1, 0, 0, 0, 0, 1, 0),7,3,5
22,(1, 1, 1, 0, 0, 0, 0, 0, 0),7,4,4
22,(1, 0, 0, 0, 0, 0, 0, 0, 1),6,2,6
22,(1, 0, 1, 1, 0, 0, 0, 0, 0),6,2,5
22,(0, 0, 1, 1, 0, 0, 0, 0, 0),8,22,6
22,(1, 1, 0, 0, 1, 1, 0, 0, 0),5,1,5
22,(0, 1, 0, 0, 0, 1, 0, 0, 0),5,13,7
22,(0, 0, 0, 0, 0, 0, 0, 0, 0),6,1,4
22,(0, 0, 0, 0, 0, 0, 1, 0, 1),8,1,6
22,(0, 0, 0, 1, 0, 0, 0, 0, 0),5,4,6
22,(1, 0, 0, 1, 0, 0, 0, 0, 0),5,8,2
22,(0, 1, 0, 0, 0, 0, 0, 1, 0),6,27,5
22,(0, 0, 0, 1, 1, 1, 0, 0, 1),6,5,8
22,(1, 0, 1, 1, 1, 1, 0, 0, 1),6,23,6
22,(1, 0, 0, 0, 0, 1, 0, 0, 1),6,12,6
22,(1, 0, 0, 0, 1, 1, 0, 0, 1),7,1,6
22,(1, 1, 1, 1, 0, 0, 0, 0, 1),8,1,3
22,(1, 1, 0, 0, 0, 1, 1, 1, 1),5,4,4
22,(0, 1, 0, 0, 0, 0, 0, 1, 1),7,10,6
22,(0, 1, 1, 1, 1, 0, 1, 0, 0),5,72,7
22,(1, 1, 1, 1, 1, 0, 1, 0, 0),5,4,6
22,(1, 1, 0, 1, 0, 1, 1, 1, 0),4,5,5
22,(1, 1, 1, 0, 0, 1, 1, 1, 0),8,21,7
22,(1, 1, 1, 1, 1, 0, 1, 1, 0),8,4,7
22,(1, 1, 0, 1, 1, 0, 1, 1, 0),5,2,4
22,(1, 1, 0, 0, 1, 0, 1, 1, 0),5,2,3
22,(1, 1, 1, 0, 0, 0, 0, 1, 0),5,33,3
22,(1, 0, 0, 0, 1, 1, 0, 1, 1),8,20,6
22,(0, 1, 1, 0, 0, 1, 1, 1, 0),4,93,7
22,(1, 1, 0, 0, 1, 1, 1, 1, 0),8,1,5
22,(0, 0, 1, 1, 0, 1, 0, 1, 0),4,11,8
22,(1, 0, 1, 1, 0, 1, 0, 1, 0),4,3,5
22,(1, 1, 0, 1, 1, 1, 0, 1, 0),9,2,7
22,(0, 0, 1, 0, 1, 1, 1, 1, 0),4,5,8
22,(1, 1, 1, 0, 1, 1, 0, 1, 0),4,34,6
22,(1, 1, 0, 0, 1, 1, 0, 1, 0),5,14,1
22,(1, 1, 1, 0, 1, 0, 0, 1, 0),7,1,5
22,(0, 1, 1, 0, 1, 0, 0, 1, 0),3,40,4
22,(0, 0, 1, 0, 0, 1, 0, 1, 0),5,5,7
22,(0, 0, 1, 1, 0, 0, 1, 1, 0),9,27,7
22,(1, 1, 0, 0, 0, 1, 0, 0, 1),5,15,5
22,(0, 1, 0, 1, 1, 0, 0, 0, 0),3,64,6
22,(1, 1, 1, 1, 0, 1, 1, 0, 1),5,101,8
22,(1, 0, 0, 1, 1, 0, 1, 0, 1),6,2,8
22,(1, 0, 1, 0, 1, 0, 1, 0, 1),4,1,8
22,(0, 1, 1, 1, 1, 0, 1, 0, 1),7,2,4
22,(0, 1, 0, 1, 1, 0, 1, 0, 1),7,18,5
22,(0, 1, 0, 0, 1, 0, 1, 0, 1),4,77,7
22,(0, 1, 1, 0, 1, 1, 0, 0, 0),3,65,8
22,(1, 1, 0, 1, 1, 0, 0, 1, 1),7,17,7
22,(0, 0, 1, 1, 1, 0, 0, 1, 1),7,7,7
22,(0, 1, 0, 1, 1, 0, 0, 1, 0),5,24,7
22,(1, 0, 1, 1, 1, 1, 1, 0, 0),4,91,8
22,(1, 0, 1, 1, 0, 1, 1, 0, 0),4,35,8
22,(1, 0, 1, 1, 1, 1, 0, 1, 1),6,45,6
22,(0, 1, 0, 1, 1, 1, 1, 0, 0),7,67,7
22,(1, 1, 1, 1, 1, 1, 1, 0, 0),5,28,7
22,(1, 1, 0, 1, 1, 1, 1, 0, 0),3,28,6
22,(1, 1, 1, 1, 0, 1, 1, 0, 0),7,19,4
22,(0, 1, 1, 1, 0, 1, 0, 0, 0),6,33,8
23,(0, 0, 1, 0, 1, 1, 1, 1, 1),4,38,7
23,(0, 0, 1, 1, 0, 1, 1, 1, 1),4,7,8
23,(0, 1, 1, 0, 1, 1, 1, 1, 1),4,35,7
23,(0, 1, 1, 1, 0, 0, 0, 0, 1),7,1,6
23,(1, 1, 1, 0, 0, 0, 1, 0, 0),5,64,6
23,(1, 0, 1, 0, 1, 1, 1, 0, 0),6,55,5
23,(1, 1, 0, 1, 0, 0, 1, 1, 1),6,37,6
23,(1, 0, 0, 1, 0, 0, 0, 1, 1),8,8,7
23,(1, 0, 1, 0, 1, 1, 0, 1, 1),4,12,6
23,(1, 1, 0, 0, 1, 1, 0, 1, 1),5,29,5
23,(1, 1, 1, 0, 0, 1, 0, 0, 0),8,1,7
23,(0, 1, 0, 1, 1, 0, 0, 0, 1),7,1,6
23,(0, 0, 0, 1, 1, 0, 0, 0, 1),6,12,6
23,(0, 0, 1, 1, 0, 1, 1, 0, 1),8,3,7
23,(1, 1, 0, 1, 0, 0, 1, 0, 1),7,2,5
23,(0, 0, 1, 1, 0, 1, 1, 0, 0),3,4,5
23,(1, 0, 0, 0, 1, 1, 1, 0, 0),4,3,7
23,(1, 0, 0, 1, 1, 0, 1, 0, 0),5,5,5
23,(0, 0, 1, 1, 1, 0, 1, 1, 0),7,2,8
23,(0, 1, 0, 0, 0, 0, 1, 0, 0),6,25,6
23,(1, 1, 0, 0, 1, 0, 1, 1, 1),7,3,4
23,(1, 0, 0, 1, 0, 0, 1, 1, 1),8,3,7
23,(1, 0, 0, 0, 0, 1, 1, 1, 1),7,3,5
23,(0, 1, 1, 1, 0, 0, 1, 0, 1),6,1,7
23,(1, 1, 0, 1, 0, 0, 1, 0, 0),8,2,4
23,(0, 1, 0, 1, 1, 1, 0, 1, 1),5,5,7
23,(0, 1, 1, 1, 1, 1, 0, 1, 1),7,43,7
23,(0, 1, 1, 0, 0, 1, 0, 1, 1),6,24,9
23,(0, 1, 1, 1, 0, 0, 0, 1, 0),6,2,6
23,(0, 1, 0, 1, 0, 0, 0, 1, 0),8,4,6
23,(0, 1, 0, 1, 0, 1, 0, 1, 1),5,1,8
23,(0, 0, 0, 1, 0, 1, 0, 1, 1),4,4,6
23,(0, 1, 1, 1, 0, 0, 0, 1, 1),6,3,6
23,(1, 1, 1, 0, 0, 0, 0, 1, 1),7,1,7
23,(1, 0, 0, 0, 0, 0, 0, 1, 0),5,1,4
23,(0, 1, 0, 0, 0, 1, 1, 1, 1),5,1,7
23,(0, 0, 1, 0, 0, 0, 1, 1, 1),4,2,7
23,(1, 0, 0, 1, 1, 1, 1, 1, 0),8,2,6
23,(0, 0, 0, 1, 0, 1, 1, 1, 0),9,2,8
23,(0, 0, 1, 1, 1, 0, 0, 1, 0),7,4,6
23,(0, 0, 0, 1, 1, 0, 0, 1, 0),2,5,5
23,(1, 0, 0, 1, 1, 0, 0, 1, 0),8,4,5
23,(0, 0, 0, 0, 1, 0, 1, 1, 0),5,4,8
23,(0, 1, 0, 0, 1, 0, 0, 1, 0),6,4,3
23,(1, 1, 0, 0, 1, 0, 0, 1, 0),6,1,3
23,(0, 0, 1, 0, 1, 0, 0, 0, 1),7,5,7
23,(1, 1, 1, 0, 0, 0, 0, 0, 0),8,1,5
23,(1, 0, 0, 1, 1, 1, 0, 0, 0),6,2,8
23,(1, 0, 1, 0, 1, 1, 0, 0, 0),4,1,7
23,(1, 0, 0, 0, 1, 1, 0, 0, 0),5,2,3
23,(1, 0, 0, 1, 0, 1, 0, 0, 0),6,2,7
23,(0, 0, 0, 0, 0, 1, 0, 0, 0),7,1,5
23,(0, 0, 0, 0, 0, 1, 1, 0, 1),8,1,6
23,(0, 0, 0, 0, 0, 1, 1, 0, 0),5,2,6
23,(0, 0, 1, 0, 0, 1, 1, 0, 0),6,2,7
23,(0, 1, 0, 1, 0, 0, 1, 0, 0),8,1,7
23,(1, 0, 0, 1, 0, 0, 1, 0, 0),5,1,6
23,(0, 0, 0, 0, 0, 0, 1, 0, 0),6,5,7
23,(0, 0, 0, 0, 0, 0, 1, 1, 0),6,5,5
23,(0, 0, 0, 1, 1, 0, 0, 0, 0),9,2,5
23,(0, 1, 0, 0, 0, 0, 0, 0, 1),5,2,7
23,(0, 1, 0, 0, 0, 0, 0, 1, 0),7,1,4
23,(0, 1, 0, 0, 0, 0, 0, 0, 0),9,23,4
23,(1, 1, 0, 0, 0, 0, 0, 0, 0),5,1,4
23,(0, 1, 0, 1, 1, 1, 0, 0, 1),5,5,6
23,(1, 1, 0, 0, 1, 1, 0, 0, 1),7,1,5
23,(0, 1, 0, 1, 0, 1, 0, 0, 1),4,2,7
23,(0, 0, 1, 0, 0, 1, 0, 0, 1),5,15,8
23,(1, 0, 0, 1, 0, 0, 0, 0, 1),6,9,7
23,(0, 0, 1, 1, 0, 0, 1, 0, 0),5,11,6
23,(1, 1, 1, 1, 0, 1, 1, 1, 0),9,16,5
23,(0, 0, 1, 1, 1, 0, 1, 0, 0),3,42,7
23,(1, 1, 1, 0, 1, 0, 1, 0, 1),1,61,8
23,(1, 1, 0, 0, 0, 1, 1, 1, 0),9,4,1
23,(0, 1, 1, 1, 1, 1, 1, 1, 0),6,18,9
23,(1, 1, 0, 1, 1, 1, 0, 1, 0),10,1,7
23,(1, 0, 1, 0, 1, 1, 1, 1, 0),6,2,7
23,(1, 0, 0, 0, 1, 1, 1, 1, 0),4,2,4
23,(0, 0, 0, 0, 1, 1, 1, 1, 0),8,11,7
23,(1, 0, 1, 0, 1, 1, 0, 1, 0),8,6,5
23,(1, 1, 1, 0, 1, 1, 0, 1, 0),5,1,6
23,(1, 0, 0, 1, 0, 1, 0, 1, 0),4,9,7
23,(0, 0, 1, 0, 1, 1, 0, 1, 1),8,8,6
23,(0, 1, 1, 0, 1, 0, 0, 1, 1),6,2,7
23,(1, 1, 1, 0, 0, 1, 1, 0, 1),7,39,8
23,(1, 0, 0, 1, 1, 0, 1, 0, 1),7,1,8
23,(0, 0, 0, 1, 1, 0, 1, 0, 1),8,3,6
23,(0, 0, 1, 1, 1, 0, 1, 0, 1),4,2,6
23,(1, 1, 1, 1, 1, 1, 1, 0, 1),3,23,5
23,(1, 1, 0, 1, 1, 0, 1, 0, 1),6,62,5
23,(0, 1, 0, 1, 1, 1, 0, 0, 0),4,59,6
23,(1, 0, 1, 1, 1, 0, 1, 0, 0),4,98,5
23,(1, 1, 1, 0, 0, 1, 0, 1, 0),1,46,5
23,(0, 1, 1, 1, 1, 1, 0, 0, 1),5,37,6
23,(1, 0, 1, 1, 1, 1, 0, 1, 0),6,80,6
23,(0, 1, 1, 1, 1, 0, 0, 1, 0),4,60,5
23,(1, 1, 1, 1, 0, 1, 0, 0, 0),5,3,6
23,(1, 0, 0, 1, 0, 1, 1, 0, 1),8,1,6
23,(1, 1, 1, 1, 1, 0, 1, 1, 0),9,1,7
23,(1, 1, 0, 0, 0, 0, 1, 1, 1),7,1,2
23,(1, 1, 0, 1, 1, 0, 0, 1, 1),8,1,5
24,(0, 0, 0, 0, 0, 1, 0, 1, 1),8,2,7
24,(0, 0, 0, 0, 0, 1, 1, 1, 1),10,3,5
24,(1, 0, 1, 1, 0, 1, 1, 1, 0),8,3,6
24,(1, 1, 0, 1, 0, 1, 1, 1, 0),5,1,6
24,(0, 0, 1, 0, 0, 1, 1, 1, 0),8,13,7
24,(1, 0, 1, 0, 0, 0, 1, 1, 0),7,1,3
24,(1, 1, 1, 0, 0, 0, 0, 1, 0),6,2,3
24,(1, 0, 1, 1, 1, 0, 0, 1, 0),6,5,6
24,(1, 0, 0, 1, 1, 0, 1, 1, 0),6,2,7
24,(1, 1, 0, 0, 1, 1, 0, 1, 0),6,1,4
24,(0, 1, 1, 0, 1, 0, 0, 0, 1),7,4,7
24,(1, 0, 0, 1, 1, 0, 0, 1, 0),9,1,5
24,(0, 0, 0, 1, 1, 1, 0, 0, 0),3,5,6
24,(1, 0, 0, 1, 1, 1, 0, 0, 0),7,1,4
24,(0, 0, 1, 0, 1, 1, 0, 0, 0),7,38,9
24,(0, 0, 0, 0, 1, 1, 1, 0, 0),6,2,6
24,(1, 0, 0, 0, 1, 1, 1, 0, 0),5,1,3
24,(1, 1, 0, 0, 0, 1, 1, 0, 0),7,1,3
24,(0, 1, 0, 0, 0, 1, 1, 0, 0),5,2,5
24,(0, 1, 0, 1, 0, 0, 1, 0, 0),9,1,4
24,(0, 0, 0, 0, 0, 0, 0, 0, 1),6,1,5
24,(0, 0, 1, 0, 0, 0, 0, 0, 0),6,1,5
24,(0, 0, 0, 0, 0, 0, 1, 0, 1),9,2,6
24,(0, 0, 0, 0, 0, 1, 1, 0, 1),9,2,1
24,(1, 0, 0, 0, 0, 0, 1, 1, 0),8,4,6
24,(1, 1, 0, 0, 0, 0, 1, 1, 0),5,1,3
24,(0, 1, 1, 1, 0, 0, 0, 1, 0),7,1,4
24,(1, 0, 0, 1, 0, 0, 0, 1, 0),5,2,7
24,(1, 1, 0, 0, 0, 0, 0, 0, 1),5,2,6
24,(0, 0, 0, 1, 1, 0, 0, 0, 1),7,1,3
24,(0, 0, 0, 0, 1, 0, 0, 0, 1),8,2,6
24,(0, 0, 0, 0, 1, 0, 0, 1, 0),7,2,8
24,(0, 1, 0, 1, 1, 0, 0, 0, 0),4,1,5
24,(0, 1, 0, 0, 1, 0, 0, 0, 0),7,2,7
24,(0, 0, 1, 1, 0, 1, 0, 0, 1),8,38,7
24,(0, 1, 1, 1, 0, 1, 0, 0, 1),5,21,6
24,(0, 1, 1, 0, 0, 1, 0, 0, 1),4,3,7
24,(1, 1, 0, 0, 1, 0, 0, 0, 1),5,6,8
24,(1, 0, 0, 1, 0, 0, 0, 0, 0),6,2,5
24,(1, 1, 1, 0, 0, 1, 1, 1, 1),6,3,7
24,(1, 0, 0, 0, 1, 0, 1, 0, 0),2,23,8
24,(1, 1, 1, 1, 0, 0, 1, 0, 0),5,3,6
24,(1, 0, 1, 1, 0, 0, 1, 0, 0),5,4,3
24,(1, 1, 1, 1, 1, 0, 1, 0, 0),6,1,3
24,(1, 0, 0, 0, 1, 0, 1, 1, 0),5,36,5
24,(0, 1, 1, 1, 0, 1, 1, 1, 0),4,5,7
24,(1, 1, 0, 1, 1, 1, 1, 1, 0),5,4,5
24,(0, 0, 1, 1, 1, 1, 0, 1, 0),5,11,8
24,(0, 0, 1, 1, 1, 1, 1, 1, 0),9,5,8
24,(0, 1, 1, 0, 1, 1, 0, 1, 0),9,3,8
24,(1, 1, 0, 0, 0, 1, 0, 1, 0),5,2,5
24,(0, 0, 1, 1, 0, 1, 0, 1, 0),5,2,8
24,(1, 0, 1, 1, 0, 0, 1, 1, 0),6,3,6
24,(0, 0, 1, 1, 0, 0, 1, 1, 0),10,28,7
24,(1, 1, 0, 1, 0, 0, 1, 1, 0),6,4,6
24,(0, 0, 1, 1, 1, 0, 0, 0, 0),6,46,8
24,(1, 1, 0, 1, 1, 0, 0, 0, 0),6,3,8
24,(1, 0, 0, 0, 0, 1, 0, 0, 1),7,2,8
24,(1, 0, 1, 0, 1, 0, 0, 1, 1),8,3,8
24,(0, 0, 0, 1, 1, 1, 1, 0, 1),4,38,7
24,(0, 0, 1, 1, 1, 1, 1, 0, 1),7,2,6
24,(0, 1, 1, 0, 1, 1, 1, 0, 1),4,3,8
24,(1, 0, 1, 0, 1, 1, 1, 0, 1),6,3,8
24,(1, 0, 0, 0, 1, 0, 1, 0, 1),7,7,6
24,(0, 0, 0, 1, 1, 0, 1, 0, 1),9,1,1
24,(0, 0, 1, 0, 1, 0, 1, 0, 1),7,5,8
24,(1, 1, 1, 1, 1, 0, 1, 0, 1),4,62,6
24,(1, 1, 0, 1, 1, 0, 0, 1, 0),8,3,5
24,(1, 0, 1, 1, 1, 1, 1, 0, 0),5,1,5
24,(1, 1, 1, 1, 1, 1, 0, 0, 1),7,2,7
24,(0, 1, 1, 1, 0, 1, 1, 1, 1),7,9,8
24,(1, 1, 1, 1, 0, 1, 1, 1, 1),5,105,5
24,(1, 1, 1, 0, 0, 1, 0, 0, 1),5,54,5
24,(1, 0, 1, 0, 0, 1, 1, 0, 0),5,74,6
24,(0, 1, 1, 1, 0, 0, 1, 1, 1),4,99,4
24,(1, 1, 1, 1, 0, 0, 0, 0, 1),9,2,9
24,(1, 0, 1, 1, 0, 0, 0, 1, 1),5,7,8
24,(0, 1, 1, 1, 0, 0, 0, 0, 1),8,71,5
24,(1, 1, 1, 1, 1, 0, 0, 0, 1),7,15,5
24,(1, 0, 1, 0, 0, 0, 0, 0, 1),3,85,8
24,(1, 0, 0, 1, 1, 0, 0, 0, 1),7,20,6
24,(0, 0, 0, 1, 0, 0, 0, 0, 1),6,17,6
24,(0, 1, 1, 0, 0, 0, 1, 0, 0),6,102,7
24,(0, 0, 1, 1, 1, 1, 0, 0, 0),7,59,5
24,(1, 1, 1, 1, 0, 0, 0, 0, 0),8,8,4
24,(1, 1, 1, 1, 0, 1, 1, 0, 1),6,6,5
24,(1, 1, 1, 0, 0, 0, 1, 0, 1),6,46,6
24,(0, 0, 1, 1, 0, 1, 1, 0, 0),4,30,5
24,(1, 0, 0, 1, 1, 0, 1, 0, 0),6,33,4
24,(1, 1, 1, 0, 1, 0, 1, 0, 0),5,39,7
24,(1, 0, 0, 0, 1, 0, 1, 1, 1),10,8,6
24,(1, 1, 0, 0, 1, 0, 1, 1, 1),8,13,6
24,(0, 0, 0, 1, 0, 0, 1, 1, 1),5,6,7
24,(0, 0, 0, 1, 1, 0, 1, 1, 1),5,10,6
24,(1, 0, 1, 0, 0, 0, 1, 1, 1),5,5,7
24,(0, 0, 0, 0, 1, 0, 1, 1, 1),7,21,4
24,(1, 1, 0, 0, 1, 0, 1, 0, 0),7,66,5
24,(0, 1, 1, 0, 1, 0, 1, 0, 0),8,52,7
24,(0, 1, 0, 1, 1, 0, 1, 1, 1),4,38,6
24,(0, 0, 1, 0, 0, 0, 0, 0, 1),6,3,4
24,(0, 0, 1, 0, 0, 0, 1, 0, 1),5,7,5
24,(1, 1, 0, 0, 0, 0, 1, 1, 1),8,26,6
24,(0, 1, 0, 1, 0, 0, 1, 0, 1),4,32,6
24,(1, 0, 1, 0, 1, 0, 1, 1, 1),6,14,5
24,(1, 0, 0, 1, 0, 1, 0, 0, 1),4,27,5
24,(0, 0, 1, 1, 1, 0, 1, 1, 1),5,62,5
24,(1, 0, 1, 1, 1, 0, 1, 1, 1),8,5,7
24,(0, 1, 1, 1, 1, 0, 1, 1, 1),7,2,6
24,(1, 1, 1, 0, 1, 0, 1, 1, 1),7,4,6
24,(1, 1, 0, 0, 1, 1, 0, 1, 1),6,87,6
24,(1, 1, 1, 1, 1, 1, 0, 1, 1),7,56,6
24,(0, 0, 1, 0, 1, 0, 1, 1, 1),4,65,4
25,(1, 0, 1, 1, 1, 1, 0, 1, 1),7,1,5
25,(0, 1, 0, 1, 0, 1, 0, 1, 1),6,8,8
25,(0, 0, 1, 1, 0, 1, 0, 1, 1),5,84,5
25,(0, 1, 1, 0, 0, 1, 0, 1, 1),7,175,8
25,(1, 1, 1, 1, 0, 0, 0, 1, 1),7,15,5
25,(0, 1, 1, 0, 0, 0, 0, 1, 1),5,6,5
25,(0, 0, 0, 1, 0, 0, 0, 1, 1),4,23,6
25,(1, 0, 0, 0, 0, 0, 0, 1, 1),7,31,9
25,(0, 0, 0, 1, 0, 1, 0, 1, 1),5,2,5
25,(0, 0, 0, 1, 1, 1, 1, 1, 1),8,2,7
25,(0, 0, 0, 0, 1, 1, 1, 1, 1),7,3,4
25,(1, 0, 0, 0, 1, 1, 1, 1, 1),6,2,6
25,(0, 0, 0, 1, 0, 1, 1, 1, 1),8,8,5
25,(0, 0, 1, 1, 0, 1, 1, 1, 0),4,5,3
25,(1, 1, 0, 0, 0, 1, 1, 1, 1),6,1,5
25,(0, 1, 0, 1, 0, 1, 1, 1, 0),6,3,8
25,(0, 0, 1, 0, 0, 1, 0, 1, 0),6,2,6
25,(0, 1, 0, 0, 1, 0, 1, 1, 0),3,3,9
25,(0, 1, 1, 1, 1, 0, 0, 1, 0),5,1,7
25,(0, 0, 1, 1, 1, 0, 0, 1, 0),8,2,6
25,(1, 0, 0, 0, 1, 0, 0, 1, 0),3,4,6
25,(0, 1, 1, 0, 1, 0, 0, 0, 0),7,10,6
25,(1, 1, 1, 0, 1, 0, 0, 0, 1),6,4,6
25,(1, 0, 1, 0, 1, 1, 0, 0, 0),5,2,7
25,(0, 0, 0, 1, 1, 1, 0, 0, 1),7,2,6
25,(0, 0, 0, 0, 1, 1, 0, 0, 1),8,3,5
25,(0, 0, 1, 0, 1, 1, 0, 0, 0),8,1,7
25,(1, 0, 0, 0, 1, 1, 0, 0, 0),6,1,6
25,(0, 0, 0, 0, 1, 1, 0, 0, 0),6,36,5
25,(0, 1, 1, 1, 0, 1, 0, 0, 0),7,2,8
25,(0, 1, 0, 1, 0, 1, 0, 0, 0),5,7,5
25,(0, 0, 1, 1, 0, 1, 0, 0, 0),5,5,4
25,(0, 0, 1, 1, 0, 0, 1, 0, 0),6,1,5
25,(1, 1, 0, 1, 0, 0, 1, 0, 0),9,1,6
25,(0, 0, 0, 0, 0, 0, 0, 0, 1),7,1,4
25,(0, 1, 0, 0, 0, 0, 0, 0, 0),10,1,5
25,(1, 0, 0, 0, 0, 0, 0, 0, 0),8,3,7
25,(0, 0, 0, 1, 0, 1, 1, 1, 0),10,2,6
25,(0, 0, 1, 0, 0, 1, 1, 1, 0),9,1,6
25,(0, 1, 0, 1, 0, 0, 0, 0, 0),7,16,5
25,(0, 1, 0, 1, 1, 0, 0, 1, 0),6,1,6
25,(0, 0, 0, 1, 1, 0, 0, 1, 0),3,2,6
25,(0, 0, 1, 0, 1, 0, 0, 0, 0),6,3,5
25,(1, 0, 1, 0, 1, 0, 0, 0, 0),7,2,7
25,(0, 1, 0, 1, 1, 0, 0, 0, 0),5,1,4
25,(1, 0, 0, 0, 1, 0, 0, 0, 1),7,44,5
25,(1, 0, 1, 0, 0, 1, 0, 0, 1),6,6,5
25,(0, 1, 1, 0, 1, 1, 1, 0, 0),4,11,7
25,(1, 1, 1, 1, 0, 0, 1, 0, 0),6,1,1
25,(0, 1, 1, 1, 1, 0, 1, 0, 0),6,3,6
25,(1, 0, 1, 1, 1, 0, 1, 1, 0),7,8,4
25,(1, 1, 0, 1, 0, 0, 0, 1, 0),4,25,6
25,(0, 1, 0, 0, 0, 1, 1, 1, 0),6,16,6
25,(1, 1, 0, 1, 1, 1, 1, 1, 0),6,1,9
25,(0, 1, 1, 1, 0, 1, 0, 1, 0),4,5,5
25,(1, 1, 0, 1, 1, 1, 0, 1, 0),11,2,6
25,(0, 0, 1, 1, 1, 1, 1, 1, 0),10,1,7
25,(1, 0, 0, 1, 1, 1, 1, 1, 0),9,2,6
25,(0, 0, 1, 0, 1, 1, 0, 1, 0),8,6,5
25,(1, 1, 0, 1, 0, 1, 0, 1, 0),7,3,5
25,(1, 1, 0, 0, 0, 1, 0, 1, 0),6,1,7
25,(1, 0, 1, 1, 0, 1, 0, 1, 0),5,2,7
25,(1, 1, 1, 0, 1, 0, 0, 1, 0),8,3,8
25,(0, 0, 1, 1, 0, 0, 1, 1, 0),11,1,6
25,(0, 1, 1, 0, 1, 1, 0, 0, 1),6,123,7
25,(1, 1, 1, 1, 1, 0, 0, 0, 0),5,86,5
25,(1, 0, 1, 0, 1, 0, 0, 1, 1),9,1,8
25,(1, 1, 1, 0, 1, 1, 1, 0, 1),6,110,5
25,(0, 1, 0, 0, 1, 1, 1, 0, 1),5,11,7
25,(1, 0, 1, 0, 1, 1, 1, 0, 1),7,1,8
25,(0, 0, 0, 0, 1, 1, 1, 0, 1),3,1,3
25,(0, 0, 0, 0, 1, 0, 1, 0, 1),2,36,4
25,(1, 0, 1, 0, 1, 0, 1, 0, 1),5,2,6
25,(1, 0, 1, 1, 1, 0, 0, 1, 1),6,8,5
25,(1, 0, 0, 1, 1, 1, 1, 0, 0),6,57,4
25,(1, 1, 1, 1, 1, 1, 0, 1, 0),5,40,7
25,(1, 1, 1, 1, 0, 0, 1, 1, 1),5,53,6
25,(0, 0, 1, 1, 1, 1, 1, 1, 1),5,39,6
25,(1, 0, 1, 1, 0, 0, 0, 0, 1),7,25,5
25,(1, 1, 1, 0, 0, 1, 1, 1, 0),9,31,9
25,(0, 0, 1, 1, 1, 0, 0, 0, 1),9,49,6
25,(1, 1, 1, 1, 0, 1, 0, 1, 1),4,42,6
25,(1, 1, 1, 0, 1, 1, 0, 1, 1),7,15,7
25,(1, 0, 1, 1, 0, 0, 0, 0, 0),7,44,5
25,(0, 0, 1, 1, 0, 0, 0, 0, 0),9,44,4
25,(1, 1, 1, 0, 0, 0, 1, 1, 0),7,87,5
25,(0, 1, 1, 1, 0, 1, 1, 0, 1),8,11,4
25,(1, 1, 0, 1, 0, 0, 0, 1, 1),6,20,6
25,(0, 1, 1, 1, 0, 0, 0, 0, 0),5,48,4
25,(1, 0, 1, 0, 0, 0, 1, 0, 1),3,40,4
25,(1, 1, 1, 1, 1, 0, 0, 0, 1),8,1,4
25,(0, 1, 1, 0, 0, 1, 0, 0, 0),4,27,7
25,(1, 0, 0, 1, 0, 1, 1, 0, 1),9,1,8
25,(1, 1, 0, 0, 0, 1, 1, 0, 0),8,1,8
25,(1, 1, 0, 0, 1, 1, 1, 0, 0),8,8,7
25,(1, 1, 0, 1, 1, 1, 1, 0, 0),4,33,6
25,(1, 0, 1, 0, 1, 0, 1, 1, 0),8,11,5
25,(1, 1, 1, 1, 1, 0, 1, 1, 0),10,1,7
25,(0, 1, 0, 1, 0, 1, 1, 1, 1),3,29,4
25,(0, 0, 1, 1, 1, 0, 1, 0, 0),4,1,4
25,(0, 1, 0, 1, 1, 0, 1, 0, 0),5,33,5
25,(1, 1, 0, 0, 1, 0, 1, 0, 0),8,1,7
25,(1, 0, 1, 0, 0, 1, 1, 1, 1),6,38,8
25,(0, 0, 1, 0, 0, 1, 1, 1, 1),3,40,6
25,(1, 0, 1, 0, 0, 1, 1, 0, 1),7,9,4
25,(0, 1, 0, 0, 0, 1, 1, 0, 1),7,24,5
25,(0, 1, 0, 0, 0, 0, 1, 0, 1),6,7,4
25,(1, 0, 1, 0, 0, 0, 1, 1, 1),6,1,5
25,(1, 1, 0, 0, 0, 0, 1, 0, 1),8,3,5
25,(0, 1, 0, 0, 0, 1, 1, 1, 1),6,1,4
25,(1, 1, 0, 1, 1, 1, 0, 1, 1),5,6,5
26,(0, 1, 1, 0, 1, 0, 1, 1, 1),5,60,8
26,(1, 1, 1, 0, 0, 1, 0, 1, 1),9,26,5
26,(0, 1, 1, 1, 1, 1, 0, 1, 1),8,2,9
26,(0, 0, 0, 1, 1, 1, 0, 1, 1),5,6,6
26,(1, 0, 1, 1, 0, 1, 0, 1, 1),6,13,4
26,(1, 0, 1, 0, 1, 1, 0, 1, 1),5,126,5
26,(1, 0, 0, 0, 0, 1, 0, 1, 1),6,93,6
26,(0, 0, 1, 1, 1, 0, 0, 1, 1),8,3,5
26,(0, 0, 0, 1, 1, 0, 1, 1, 1),6,1,4
26,(0, 0, 0, 1, 1, 0, 0, 1, 1),3,7,3
26,(1, 1, 1, 0, 0, 0, 0, 1, 1),8,3,5
26,(1, 0, 0, 1, 0, 0, 0, 0, 1),7,1,4
26,(1, 0, 0, 0, 0, 0, 0, 0, 1),7,4,3
26,(0, 0, 0, 1, 0, 0, 0, 1, 1),5,1,6
26,(1, 0, 0, 0, 1, 1, 1, 1, 1),7,1,6
26,(1, 0, 1, 1, 0, 1, 1, 1, 0),9,2,5
26,(1, 1, 0, 1, 0, 1, 1, 1, 0),6,2,5
26,(1, 0, 1, 0, 0, 0, 1, 1, 0),8,2,4
26,(1, 1, 1, 0, 0, 0, 0, 1, 0),7,1,6
26,(0, 1, 1, 0, 0, 0, 0, 1, 0),9,12,6
26,(0, 0, 1, 1, 1, 1, 0, 1, 0),6,1,5
26,(0, 1, 1, 0, 1, 0, 0, 1, 0),4,3,5
26,(1, 1, 0, 0, 1, 0, 0, 1, 0),7,3,6
26,(1, 1, 1, 0, 0, 0, 0, 0, 0),9,3,6
26,(0, 1, 1, 0, 1, 1, 0, 0, 0),4,3,4
26,(0, 0, 1, 1, 1, 1, 0, 0, 0),8,1,5
26,(0, 0, 0, 1, 1, 1, 0, 0, 0),4,2,6
26,(1, 0, 0, 0, 1, 1, 0, 0, 1),8,3,5
26,(1, 1, 0, 0, 1, 1, 0, 0, 0),6,3,7
26,(1, 1, 1, 1, 0, 1, 0, 0, 0),6,2,7
26,(0, 0, 0, 0, 0, 0, 1, 1, 0),7,2,9
26,(0, 0, 1, 0, 0, 1, 0, 1, 0),7,1,7
26,(1, 0, 0, 0, 0, 1, 0, 0, 1),8,1,4
26,(0, 0, 0, 0, 1, 1, 1, 0, 0),7,1,7
26,(0, 0, 1, 0, 0, 1, 1, 0, 0),7,1,8
26,(0, 0, 0, 0, 0, 1, 1, 0, 0),6,2,7
26,(1, 0, 0, 1, 0, 0, 0, 0, 0),7,1,5
26,(0, 0, 1, 0, 0, 0, 0, 0, 0),7,1,6
26,(1, 0, 0, 0, 1, 1, 1, 1, 0),5,1,6
26,(0, 0, 1, 1, 0, 0, 0, 1, 0),7,4,6
26,(0, 0, 0, 1, 0, 0, 0, 1, 0),5,7,6
26,(1, 1, 0, 1, 0, 0, 0, 0, 0),3,23,2
26,(1, 0, 0, 1, 1, 0, 0, 0, 0),6,4,6
26,(0, 1, 0, 1, 1, 0, 0, 0, 1),8,3,6
26,(0, 0, 1, 0, 1, 0, 0, 0, 1),8,3,4
26,(1, 1, 0, 1, 1, 0, 0, 1, 0),9,13,4
26,(0, 0, 0, 1, 1, 0, 0, 0, 0),10,3,5
26,(0, 1, 0, 0, 1, 0, 0, 0, 0),8,2,8
26,(0, 0, 0, 1, 0, 1, 0, 0, 1),6,10,6
26,(1, 1, 0, 0, 1, 1, 1, 1, 1),6,4,7
26,(1, 1, 1, 0, 1, 0, 1, 1, 0),6,8,5
26,(0, 1, 1, 0, 1, 1, 1, 1, 0),6,88,8
26,(1, 1, 0, 0, 1, 1, 1, 1, 0),9,4,5
26,(0, 1, 0, 0, 1, 1, 1, 1, 0),3,37,6
26,(0, 1, 1, 1, 1, 1, 0, 1, 0),8,15,4
26,(1, 0, 1, 1, 1, 1, 1, 1, 0),6,16,4
26,(0, 0, 1, 0, 1, 1, 1, 1, 0),5,4,6
26,(1, 1, 1, 0, 1, 1, 0, 1, 0),6,2,6
26,(0, 1, 1, 0, 1, 1, 0, 1, 0),10,3,3
26,(1, 1, 1, 0, 0, 1, 0, 1, 0),2,3,4
26,(1, 0, 1, 0, 1, 0, 0, 1, 0),3,120,4
26,(0, 1, 0, 1, 0, 0, 1, 1, 0),5,5,8
26,(0, 1, 1, 1, 0, 0, 1, 1, 0),5,5,7
26,(1, 1, 1, 0, 1, 1, 0, 0, 1),4,59,7
26,(1, 0, 0, 0, 0, 1, 0, 1, 0),3,8,7
26,(0, 1, 1, 1, 1, 0, 0, 0, 0),5,33,5
26,(0, 1, 1, 0, 1, 0, 0, 1, 1),7,3,6
26,(1, 1, 0, 0, 1, 1, 1, 0, 1),5,5,5
26,(0, 0, 1, 1, 1, 1, 1, 0, 1),8,2,6
26,(0, 0, 1, 0, 1, 1, 1, 0, 1),4,6,5
26,(0, 1, 0, 1, 1, 0, 1, 0, 1),8,1,5
26,(1, 1, 1, 1, 1, 0, 1, 0, 1),5,1,7
26,(0, 1, 1, 1, 1, 0, 1, 0, 1),8,3,6
26,(1, 1, 0, 0, 1, 0, 1, 0, 1),7,5,6
26,(0, 1, 1, 1, 1, 0, 0, 1, 1),9,9,5
26,(1, 1, 1, 1, 1, 1, 1, 0, 0),6,3,6
26,(1, 1, 1, 1, 1, 1, 1, 1, 1),3,126,8
26,(1, 0, 0, 1, 1, 0, 1, 1, 1),4,67,7
26,(0, 1, 1, 0, 0, 0, 1, 0, 0),7,1,8
26,(1, 1, 0, 1, 1, 0, 1, 1, 1),7,54,7
26,(1, 0, 1, 0, 0, 1, 0, 0, 0),6,43,8
26,(1, 1, 1, 1, 0, 0, 0, 0, 1),10,1,7
26,(0, 0, 1, 0, 0, 1, 0, 0, 0),5,41,2
26,(1, 1, 1, 1, 0, 1, 0, 1, 1),5,1,6
26,(0, 1, 1, 1, 0, 1, 0, 1, 1),7,64,3
26,(1, 0, 1, 1, 1, 0, 0, 0, 1),5,90,5
26,(1, 1, 0, 1, 0, 1, 1, 0, 1),5,12,8
26,(0, 1, 1, 1, 0, 1, 1, 0, 1),9,1,8
26,(1, 0, 0, 1, 0, 1, 1, 0, 1),10,1,8
26,(0, 0, 0, 1, 0, 1, 1, 0, 1),5,17,6
26,(1, 1, 1, 0, 0, 0, 1, 0, 1),7,5,7
26,(1, 1, 1, 1, 0, 0, 1, 0, 1),5,9,4
26,(1, 0, 0, 1, 1, 1, 1, 0, 0),7,1,7
26,(1, 1, 0, 1, 1, 0, 1, 0, 0),4,48,5
26,(1, 0, 0, 0, 1, 0, 1, 0, 0),3,3,8
26,(0, 1, 1, 1, 1, 0, 1, 1, 0),5,14,6
26,(1, 1, 1, 1, 1, 0, 1, 1, 0),11,1,6
26,(0, 1, 1, 0, 1, 0, 1, 0, 0),9,1,6
26,(1, 0, 0, 1, 1, 0, 1, 0, 0),7,2,5
26,(1, 0, 1, 1, 1, 0, 1, 0, 0),5,1,5
26,(1, 0, 1, 0, 1, 0, 1, 0, 0),8,38,5
26,(1, 1, 0, 0, 0, 1, 1, 0, 1),4,33,3
26,(0, 0, 1, 1, 0, 0, 1, 1, 1),6,15,8
26,(0, 0, 1, 0, 0, 0, 1, 1, 1),5,3,5
26,(0, 1, 1, 1, 0, 0, 1, 0, 1),7,2,5
26,(0, 0, 1, 1, 0, 0, 1, 0, 1),8,19,6
26,(1, 0, 0, 1, 1, 1, 0, 0, 1),3,18,6
26,(0, 1, 1, 1, 1, 0, 1, 1, 1),8,2,3
50,(0, 1, 1, 0, 0, 0, 1, 0, 1),5,315,9
50,(0, 0, 0, 0, 0, 1, 1, 0, 0),7,167,9
50,(0, 1, 1, 0, 1, 1, 0, 1, 0),11,309,9
50,(1, 1, 0, 1, 1, 1, 0, 1, 1),6,220,9
50,(1, 0, 0, 1, 1, 0, 1, 1, 1),5,339,9
50,(0, 0, 1, 0, 1, 0, 1, 1, 0),6,260,9
50,(1, 1, 1, 1, 0, 1, 1, 1, 1),6,379,9
50,(1, 1, 1, 0, 1, 0, 0, 0, 1),7,386,9
50,(0, 1, 0, 1, 0, 1, 1, 1, 1),4,244,9
50,(0, 1, 0, 0, 1, 0, 0, 0, 0),9,486,9
50,(1, 0, 0, 1, 1, 0, 1, 1, 0),7,289,9
50,(0, 1, 1, 0, 0, 0, 1, 0, 0),8,425,9
50,(1, 1, 0, 1, 0, 0, 1, 0, 1),8,195,9
50,(1, 0, 1, 1, 0, 1, 0, 1, 1),7,374,9
50,(1, 0, 1, 0, 0, 1, 1, 0, 1),8,235,9
50,(1, 0, 0, 0, 1, 1, 0, 0, 1),9,170,9
50,(0, 1, 0, 1, 1, 1, 1, 0, 0),8,202,9
50,(0, 0, 0, 1, 0, 1, 0, 1, 1),6,365,9
50,(1, 1, 0, 0, 0, 1, 1, 1, 1),7,373,9
50,(0, 0, 1, 0, 0, 0, 0, 0, 0),8,207,9
50,(0, 0, 0, 0, 0, 1, 1, 0, 1),10,187,9
50,(1, 1, 1, 1, 0, 1, 1, 1, 0),10,395,9
50,(0, 0, 1, 1, 1, 1, 1, 0, 1),9,247,9
50,(0, 0, 1, 1, 1, 1, 1, 0, 0),3,385,9
50,(0, 1, 0, 0, 1, 0, 0, 0, 1),7,442,9
50,(0, 0, 1, 1, 0, 1, 1, 0, 0),5,443,9
50,(0, 1, 0, 1, 0, 1, 1, 1, 0),7,261,9
50,(0, 0, 1, 0, 0, 0, 0, 0, 1),7,176,9
50,(1, 1, 1, 0, 0, 0, 0, 1, 1),9,347,9
50,(0, 1, 1, 1, 1, 0, 0, 0, 0),6,282,9
50,(1, 0, 0, 0, 1, 1, 0, 0, 0),7,302,9
50,(1, 1, 0, 0, 0, 1, 1, 1, 0),10,283,9
50,(0, 1, 0, 0, 0, 0, 0, 1, 1),8,221,9
50,(0, 1, 0, 1, 1, 1, 1, 0, 1),5,270,9
50,(0, 1, 1, 1, 0, 0, 0, 0, 0),6,235,9
50,(1, 1, 0, 1, 0, 1, 0, 1, 1),5,324,9
50,(1, 1, 1, 0, 0, 0, 0, 0, 1),5,439,9
50,(1, 1, 1, 0, 0, 0, 0, 0, 0),10,250,9
50,(1, 0, 0, 0, 0, 1, 0, 1, 0),4,416,9
50,(0, 0, 1, 1, 0, 1, 1, 0, 1),9,456,9
50,(0, 1, 0, 0, 0, 0, 0, 0, 0),11,277,9
50,(1, 0, 1, 1, 1, 1, 0, 1, 1),8,230,9
50,(0, 0, 0, 1, 1, 1, 0, 1, 1),6,262,9
50,(0, 1, 1, 1, 0, 0, 0, 0, 1),9,364,9
50,(0, 1, 0, 0, 1, 0, 1, 1, 0),4,263,9
50,(1, 1, 0, 1, 1, 0, 1, 0, 1),7,359,9
50,(0, 1, 1, 0, 1, 1, 0, 1, 1),5,333,9
50,(0, 0, 1, 0, 0, 0, 1, 1, 1),6,177,9
50,(1, 0, 1, 1, 0, 1, 0, 0, 0),7,381,9
50,(0, 1, 1, 1, 1, 0, 0, 1, 1),10,293,9
50,(1, 1, 0, 0, 1, 1, 1, 0, 1),6,148,9
50,(1, 1, 0, 1, 0, 1, 0, 1, 0),8,396,9
50,(0, 0, 0, 1, 0, 1, 0, 0, 0),6,353,9
50,(1, 0, 0, 0, 0, 1, 0, 1, 1),7,296,9
50,(1, 1, 0, 0, 1, 1, 1, 0, 0),9,272,9
50,(0, 0, 1, 0, 0, 0, 1, 1, 0),7,527,9
50,(1, 1, 0, 1, 1, 0, 1, 0, 0),5,247,9
50,(1, 0, 1, 1, 1, 1, 0, 1, 0),7,253,9
50,(1, 0, 1, 0, 0, 1, 1, 0, 0),6,178,9
50,(0, 0, 0, 1, 1, 1, 0, 1, 0),6,200,9
50,(1, 0, 0, 0, 0, 0, 1, 0, 1),5,368,9
50,(1, 1, 1, 1, 0, 1, 1, 0, 1),7,186,9
50,(1, 1, 0, 0, 1, 1, 1, 1, 0),10,532,9
50,(0, 1, 0, 0, 1, 0, 1, 1, 1),7,249,9
50,(1, 1, 1, 0, 1, 0, 0, 1, 1),6,461,9
50,(1, 1, 1, 0, 1, 0, 1, 1, 1),8,306,9
50,(0, 1, 1, 0, 0, 0, 1, 1, 1),5,320,9
50,(0, 1, 0, 1, 0, 1, 0, 0, 1),5,383,9
50,(1, 0, 1, 1, 0, 1, 0, 0, 1),7,316,9
50,(0, 0, 0, 1, 0, 0, 1, 0, 0),7,309,9
50,(1, 0, 0, 0, 1, 1, 0, 1, 0),5,209,9
50,(0, 1, 1, 1, 1, 0, 1, 1, 0),6,214,9
50,(1, 1, 0, 0, 0, 1, 0, 0, 1),6,405,9
50,(0, 0, 1, 0, 0, 0, 0, 1, 1),7,345,9
50,(1, 0, 0, 1, 1, 0, 1, 0, 1),8,204,9
50,(1, 1, 0, 1, 1, 1, 0, 0, 0),8,429,9
50,(0, 0, 1, 0, 1, 0, 1, 0, 0),4,232,9
50,(0, 0, 0, 0, 0, 1, 1, 1, 0),5,383,9
50,(0, 0, 1, 1, 1, 0, 0, 1, 0),9,197,9
50,(0, 0, 1, 0, 1, 0, 0, 0, 0),7,258,9
50,(1, 1, 1, 0, 1, 0, 0, 1, 0),9,467,9
50,(1, 1, 0, 0, 1, 1, 1, 1, 1),7,229,9
50,(1, 0, 0, 0, 0, 0, 1, 0, 0),8,318,9
50,(1, 1, 1, 1, 0, 1, 1, 0, 0),8,241,9
50,(1, 1, 1, 0, 1, 0, 1, 1, 0),7,274,9
50,(1, 1, 0, 1, 0, 0, 1, 1, 1),7,358,9
50,(0, 1, 1, 0, 1, 0, 1, 0, 0),10,268,9
50,(0, 1, 1, 1, 1, 0, 1, 1, 1),9,336,9
50,(0, 0, 0, 1, 0, 0, 1, 0, 1),6,360,9
50,(0, 0, 0, 0, 0, 0, 0, 1, 0),8,276,9
50,(1, 1, 0, 0, 0, 1, 0, 0, 0),6,359,9
50,(0, 1, 0, 1, 1, 1, 1, 1, 0),7,356,9
50,(0, 1, 0, 0, 0, 0, 0, 0, 1),6,282,9
50,(0, 0, 1, 0, 0, 0, 0, 1, 0),7,184,9
50,(1, 0, 1, 0, 1, 0, 0, 1, 1),10,606,9
50,(0, 0, 0, 0, 1, 1, 1, 1, 1),8,240,9
50,(1, 0, 0, 1, 0, 0, 1, 1, 1),9,215,9
50,(0, 0, 0, 0, 0, 1, 1, 1, 1),11,356,9
50,(0, 0, 0, 1, 1, 1, 1, 1, 0),8,304,9
50,(0, 0, 1, 0, 1, 0, 0, 0, 1),9,247,9
50,(0, 0, 0, 1, 0, 1, 0, 1, 0),4,337,9
50,(0, 1, 0, 0, 0, 0, 1, 1, 1),8,330,9
50,(1, 0, 0, 1, 0, 0, 0, 0, 0),8,285,9
50,(0, 0, 0, 0, 1, 1, 1, 0, 0),8,209,9
50,(0, 1, 1, 0, 1, 0, 1, 0, 1),6,398,9
50,(0, 1, 1, 1, 0, 0, 0, 1, 0),8,428,9
50,(1, 1, 0, 0, 1, 1, 0, 0, 1),8,208,9
50,(0, 0, 0, 1, 1, 1, 0, 0, 1),8,250,9
50,(0, 1, 0, 1, 1, 1, 1, 1, 1),5,370,9
50,(0, 0, 0, 0, 0, 0, 0, 1, 1),3,409,9
50,(1, 0, 1, 0, 1, 0, 0, 1, 0),4,288,9
50,(1, 0, 1, 1, 1, 0, 1, 0, 1),7,342,9
50,(1, 0, 0, 1, 0, 0, 1, 1, 0),7,382,9
50,(0, 0, 0, 0, 1, 1, 1, 0, 1),4,193,9
50,(0, 1, 0, 0, 0, 1, 1, 0, 1),8,311,9
50,(0, 1, 1, 1, 1, 0, 0, 0, 1),4,594,9
50,(1, 1, 1, 0, 0, 0, 0, 1, 0),8,220,9
50,(0, 1, 0, 1, 0, 1, 0, 0, 0),6,231,9
50,(0, 1, 0, 0, 0, 0, 1, 1, 0),4,331,9
50,(0, 1, 1, 0, 0, 0, 1, 1, 0),7,250,9
50,(1, 0, 0, 1, 0, 0, 0, 0, 1),8,258,9
50,(0, 0, 0, 0, 0, 1, 0, 0, 1),6,315,9
50,(1, 1, 0, 1, 1, 1, 0, 1, 0),12,353,9
50,(0, 0, 1, 0, 1, 0, 1, 1, 1),5,449,9
50,(0, 1, 1, 1, 0, 0, 0, 1, 1),7,282,9
50,(1, 0, 0, 0, 1, 1, 0, 1, 1),9,332,9
50,(1, 1, 1, 0, 1, 0, 0, 0, 0),3,467,9
50,(0, 0, 0, 1, 1, 1, 0, 0, 0),5,226,9
50,(1, 0, 1, 1, 1, 0, 1, 0, 0),6,236,9
50,(0, 1, 0, 0, 0, 1, 1, 0, 0),6,328,9
50,(1, 0, 0, 1, 1, 0, 1, 0, 0),8,422,9
50,(1, 1, 0, 1, 0, 0, 1, 0, 0),10,363,9
50,(0, 0, 1, 1, 1, 0, 0, 1, 1),9,231,9
50,(1, 0, 1, 0, 1, 0, 0, 0, 1),6,167,9
50,(1, 0, 1, 0, 0, 1, 0, 0, 0),7,378,9
50,(1, 1, 0, 1, 1, 0, 1, 1, 0),6,383,9
50,(1, 0, 1, 1, 0, 0, 1, 1, 1),3,249,9
50,(0, 0, 0, 0, 0, 1, 0, 0, 0),8,259,9
50,(1, 1, 0, 1, 1, 1, 1, 1, 1),7,223,9
50,(0, 1, 0, 0, 1, 0, 1, 0, 1),5,271,9
50,(1, 1, 1, 0, 1, 0, 1, 0, 1),2,524,9
50,(1, 0, 0, 1, 1, 0, 0, 1, 0),10,304,9
50,(0, 1, 0, 0, 1, 0, 1, 0, 0),4,372,9
50,(1, 0, 0, 1, 1, 1, 0, 1, 1),6,260,9
50,(1, 0, 1, 1, 0, 0, 1, 1, 0),7,391,9
50,(1, 1, 0, 1, 0, 0, 0, 0, 1),6,269,9
50,(0, 1, 0, 0, 1, 1, 1, 0, 1),6,307,9
50,(1, 0, 1, 0, 0, 1, 0, 0, 1),7,289,9
50,(0, 0, 0, 1, 0, 0, 1, 1, 0),6,614,9
50,(0, 0, 0, 0, 1, 0, 0, 0, 0),6,495,9
50,(1, 1, 0, 1, 1, 0, 1, 1, 1),8,154,9
50,(1, 1, 0, 1, 1, 1, 1, 1, 0),7,231,9
50,(1, 1, 1, 0, 0, 0, 1, 0, 0),6,329,9
50,(1, 1, 0, 1, 0, 1, 1, 1, 0),7,305,9
50,(0, 0, 0, 1, 1, 1, 1, 0, 0),4,292,9
50,(1, 1, 0, 0, 1, 1, 0, 0, 0),7,208,9
50,(1, 1, 1, 0, 1, 0, 1, 0, 0),6,163,9
50,(1, 1, 0, 0, 1, 0, 0, 1, 1),8,405,9
50,(1, 1, 0, 1, 0, 0, 0, 0, 0),4,225,9
50,(0, 0, 0, 1, 1, 0, 1, 1, 1),7,152,9
50,(0, 0, 0, 1, 0, 0, 1, 1, 1),6,155,9
50,(0, 0, 0, 0, 1, 0, 0, 0, 1),9,200,9
50,(0, 1, 0, 0, 1, 1, 0, 1, 0),8,283,9
50,(0, 0, 0, 0, 1, 1, 0, 0, 0),7,426,9
50,(1, 1, 0, 1, 0, 0, 1, 1, 0),7,458,9
50,(1, 1, 1, 0, 1, 1, 1, 0, 0),3,456,9
50,(0, 0, 1, 0, 0, 1, 1, 0, 0),8,239,9
50,(1, 1, 1, 0, 0, 0, 1, 0, 1),8,295,9
50,(1, 1, 0, 1, 0, 1, 1, 1, 1),5,620,9
50,(1, 0, 1, 0, 1, 1, 1, 1, 1),4,365,9
50,(0, 0, 1, 0, 0, 1, 1, 0, 1),5,359,9
50,(0, 0, 0, 0, 1, 1, 1, 1, 0),9,426,9
50,(1, 0, 0, 1, 0, 0, 0, 1, 0),6,213,9
50,(0, 0, 0, 1, 1, 0, 1, 1, 0),4,362,9
50,(1, 1, 0, 0, 1, 0, 0, 1, 0),8,376,9
50,(1, 1, 0, 0, 1, 1, 0, 1, 1),7,234,9
50,(0, 0, 0, 1, 1, 1, 1, 1, 1),9,311,9
50,(1, 0, 1, 0, 1, 1, 0, 0, 1),5,435,9
50,(1, 0, 1, 0, 1, 0, 0, 0, 0),8,412,9
50,(0, 1, 0, 0, 1, 1, 0, 1, 1),7,329,9
50,(0, 0, 0, 0, 1, 1, 0, 0, 1),9,346,9
50,(1, 1, 1, 0, 1, 1, 1, 0, 1),7,242,9
50,(1, 0, 1, 0, 1, 1, 1, 1, 0),7,343,9
50,(1, 0, 1, 0, 0, 1, 0, 1, 1),6,324,9
50,(1, 0, 0, 1, 0, 0, 0, 1, 1),9,432,9
50,(0, 0, 0, 0, 0, 1, 0, 1, 1),9,364,9
50,(1, 0, 0, 1, 1, 1, 0, 1, 0),4,317,9
50,(1, 0, 1, 1, 0, 0, 1, 0, 0),6,262,9
50,(0, 1, 0, 0, 1, 1, 1, 0, 0),8,285,9
50,(0, 0, 1, 0, 1, 0, 1, 0, 1),8,318,9
50,(1, 1, 0, 1, 1, 1, 0, 0, 1),6,383,9
50,(0, 1, 0, 0, 1, 0, 0, 1, 1),5,357,9
50,(0, 1, 0, 1, 0, 0, 1, 0, 0),10,338,9
50,(1, 1, 1, 0, 0, 1, 1, 1, 0),10,224,9
50,(1, 0, 0, 1, 1, 0, 0, 0, 0),7,342,9
50,(0, 1, 0, 1, 0, 1, 1, 0, 1),6,271,9
50,(1, 0, 0, 1, 1, 1, 0, 0, 1),4,216,9
50,(0, 1, 0, 0, 0, 1, 0, 1, 0),4,422,9
50,(1, 0, 1, 0, 0, 1, 1, 1, 1),7,218,9
50,(0, 0, 0, 1, 0, 0, 0, 0, 0),6,345,9
50,(0, 0, 0, 0, 1, 0, 0, 1, 1),6,331,9
50,(0, 1, 1, 1, 1, 0, 0, 1, 0),6,206,9
50,(0, 0, 0, 1, 0, 1, 0, 0, 1),7,241,9
50,(1, 0, 1, 0, 0, 0, 1, 1, 0),9,230,9
50,(0, 0, 0, 1, 0, 1, 1, 0, 1),6,254,9
50,(1, 0, 1, 0, 0, 1, 1, 1, 0),5,333,9
50,(0, 1, 1, 1, 1, 1, 0, 1, 1),9,325,9
50,(1, 0, 1, 1, 0, 0, 1, 0, 1),5,370,9
50,(0, 0, 0, 0, 0, 1, 0, 1, 0),6,349,9
50,(1, 0, 0, 1, 1, 0, 0, 0, 1),8,312,9
50,(1, 1, 0, 1, 1, 1, 1, 0, 0),5,277,9
50,(0, 1, 0, 1, 1, 0, 1, 0, 1),9,252,9
50,(0, 1, 0, 0, 0, 0, 0, 1, 0),8,266,9
50,(0, 1, 0, 1, 0, 0, 1, 0, 1),5,234,9
50,(0, 1, 0, 0, 1, 0, 0, 1, 0),7,309,9
50,(1, 1, 1, 0, 0, 1, 1, 1, 1),7,251,9
50,(0, 1, 0, 1, 0, 1, 1, 0, 0),8,387,9
50,(0, 1, 0, 0, 1, 1, 1, 1, 1),3,335,9
50,(1, 0, 1, 0, 0, 0, 0, 1, 0),8,324,9
50,(0, 0, 0, 0, 1, 0, 0, 1, 0),8,211,9
50,(0, 0, 0, 1, 0, 1, 1, 0, 0),5,341,9
50,(1, 0, 1, 0, 0, 0, 0, 1, 1),6,243,9
50,(1, 1, 0, 1, 1, 0, 0, 0, 0),7,252,9
50,(1, 1, 0, 1, 1, 1, 1, 0, 1),3,622,9
50,(1, 1, 0, 0, 1, 1, 0, 1, 0),7,230,9
50,(1, 0, 1, 0, 0, 0, 0, 0, 1),4,320,9
50,(0, 0, 0, 1, 0, 1, 1, 1, 0),11,268,9
50,(1, 1, 0, 1, 0, 0, 0, 1, 0),5,271,9
50,(0, 1, 0, 0, 1, 1, 1, 1, 0),4,189,9
50,(0, 0, 0, 1, 1, 0, 1, 0, 0),5,474,9
50,(0, 0, 0, 1, 1, 1, 1, 0, 1),5,264,9
50,(1, 0, 1, 0, 1, 0, 1, 1, 0),9,349,9
50,(0, 0, 0, 1, 1, 0, 1, 0, 1),10,243,9
50,(0, 0, 0, 0, 1, 1, 0, 1, 0),5,300,9
50,(1, 1, 0, 1, 1, 0, 0, 0, 1),4,657,9
50,(0, 0, 1, 0, 0, 0, 1, 0, 0),4,286,9
50,(1, 0, 0, 1, 0, 1, 0, 1, 1),7,358,9
50,(1, 1, 0, 1, 0, 1, 0, 0, 0),6,336,9
50,(1, 0, 1, 0, 1, 1, 1, 0, 1),8,265,9
50,(1, 0, 1, 0, 0, 0, 0, 0, 0),4,521,9
50,(1, 1, 1, 0, 0, 0, 1, 1, 0),8,321,9
50,(0, 0, 0, 1, 0, 1, 1, 1, 1),9,331,9
50,(1, 1, 0, 1, 0, 0, 0, 1, 1),7,266,9
50,(1, 0, 0, 1, 1, 1, 0, 0, 0),8,293,9
50,(1, 1, 1, 0, 0, 1, 1, 0, 1),8,265,9
50,(0, 1, 0, 0, 0, 1, 0, 1, 1),5,310,9
50,(0, 0, 0, 1, 0, 0, 0, 0, 1),7,234,9
50,(1, 0, 1, 0, 1, 0, 1, 1, 1),7,247,9
50,(0, 1, 1, 1, 1, 1, 0, 1, 0),9,329,9
50,(1, 0, 0, 1, 1, 0, 0, 1, 1),6,310,9
50,(0, 0, 0, 0, 1, 1, 0, 1, 1),5,446,9
50,(1, 1, 1, 0, 0, 1, 1, 0, 0),7,372,9
50,(1, 0, 0, 1, 0, 1, 0, 1, 0),5,300,9
50,(0, 0, 1, 0, 0, 0, 1, 0, 1),6,275,9
50,(1, 0, 1, 0, 1, 1, 1, 0, 0),7,290,9
50,(1, 1, 1, 0, 0, 0, 1, 1, 1),5,459,9
50,(1, 1, 0, 1, 0, 1, 0, 0, 1),6,492,9
50,(0, 1, 1, 1, 1, 1, 0, 0, 1),6,277,9
50,(1, 0, 1, 0, 1, 0, 1, 0, 1),6,197,9
50,(1, 1, 0, 1, 1, 0, 0, 1, 0),10,195,9
50,(1, 1, 1, 1, 0, 0, 1, 1, 0),4,426,9
50,(0, 0, 1, 0, 1, 1, 1, 1, 1),5,278,9
50,(1, 0, 0, 0, 0, 0, 0, 1, 1),8,299,9
50,(0, 1, 0, 1, 0, 0, 1, 1, 0),6,269,9
50,(0, 0, 1, 1, 1, 0, 1, 0, 1),5,275,9
50,(1, 0, 1, 1, 0, 0, 0, 1, 0),6,390,9
50,(0, 0, 1, 0, 1, 1, 1, 1, 0),6,208,9
50,(0, 1, 0, 0, 1, 1, 0, 0, 1),7,438,9
50,(1, 0, 0, 1, 1, 1, 1, 1, 1),6,280,9
50,(0, 1, 1, 0, 0, 1, 1, 0, 1),6,370,9
50,(1, 0, 1, 0, 0, 0, 1, 0, 0),7,451,9
50,(1, 1, 0, 0, 0, 0, 1, 1, 0),6,242,9
50,(0, 0, 0, 1, 0, 0, 0, 1, 0),6,246,9
50,(0, 1, 1, 0, 1, 0, 0, 1, 0),5,171,9
50,(1, 0, 1, 0, 1, 0, 1, 0, 0),9,258,9
50,(1, 1, 1, 1, 0, 0, 1, 1, 1),6,214,9
50,(1, 0, 0, 0, 0, 0, 0, 1, 0),6,190,9
50,(0, 1, 0, 1, 0, 0, 1, 1, 1),7,332,9
50,(1, 1, 1, 0, 1, 1, 0, 0, 1),5,225,9
50,(0, 1, 0, 1, 1, 0, 1, 1, 1),5,261,9
50,(1, 1, 0, 0, 1, 0, 1, 0, 0),9,190,9
50,(1, 1, 1, 0, 1, 1, 0, 0, 0),8,166,9
50,(1, 1, 1, 0, 0, 1, 0, 0, 0),9,333,9
50,(1, 0, 0, 1, 1, 1, 1, 1, 0),10,158,9
50,(1, 0, 1, 1, 1, 0, 0, 0, 0),6,407,9
50,(1, 0, 0, 1, 0, 1, 1, 1, 0),7,352,9
50,(0, 1, 0, 0, 0, 1, 0, 0, 0),6,274,9
50,(0, 1, 0, 0, 1, 1, 0, 0, 0),7,265,9
50,(1, 1, 0, 1, 0, 1, 1, 0, 1),6,377,9
50,(0, 0, 1, 1, 0, 0, 1, 1, 1),7,174,9
50,(0, 0, 1, 1, 1, 1, 0, 1, 0),7,249,9
50,(1, 1, 0, 0, 1, 0, 1, 1, 1),9,353,9
50,(1, 0, 0, 0, 1, 0, 0, 0, 1),8,217,9
50,(1, 1, 1, 1, 1, 0, 1, 0, 0),7,291,9
50,(1, 0, 0, 1, 0, 1, 0, 0, 1),5,347,9
50,(0, 0, 0, 1, 1, 0, 0, 0, 0),11,353,9
50,(0, 0, 1, 1, 0, 0, 1, 0, 1),9,338,9
50,(0, 0, 1, 1, 0, 0, 1, 0, 0),7,376,9
50,(0, 0, 0, 0, 0, 0, 1, 1, 1),11,225,9
50,(1, 1, 1, 0, 0, 1, 0, 0, 1),6,373,9
50,(0, 1, 1, 1, 0, 1, 0, 1, 1),8,228,9
50,(0, 1, 0, 0, 0, 1, 0, 0, 1),4,289,9
50,(1, 0, 1, 1, 1, 0, 0, 0, 1),6,343,9
50,(1, 1, 1, 1, 0, 0, 0, 0, 1),11,375,9
50,(0, 0, 0, 0, 1, 0, 1, 0, 0),5,283,9
50,(1, 1, 0, 1, 0, 1, 1, 0, 0),3,394,9
50,(1, 1, 0, 0, 1, 0, 1, 1, 0),6,456,9
50,(0, 1, 0, 1, 0, 0, 0, 0, 1),5,254,9
50,(0, 1, 1, 1, 1, 1, 0, 0, 0),5,397,9
50,(1, 0, 0, 0, 1, 0, 0, 0, 0),5,469,9
50,(0, 1, 1, 0, 1, 1, 1, 0, 1),5,247,9
50,(1, 1, 0, 1, 1, 0, 0, 1, 1),9,279,9
50,(1, 1, 1, 1, 1, 0, 1, 0, 1),6,230,9
50,(1, 0, 0, 1, 0, 1, 0, 0, 0),7,368,9
50,(0, 0, 0, 1, 1, 0, 0, 0, 1),8,242,9
50,(0, 1, 1, 1, 0, 1, 0, 1, 0),5,150,9
50,(1, 0, 1, 0, 0, 0, 1, 1, 1),7,165,9
50,(0, 0, 0, 0, 0, 0, 1, 1, 0),8,332,9
50,(1, 0, 1, 1, 0, 0, 0, 1, 1),6,480,9
50,(0, 1, 1, 0, 1, 1, 1, 0, 0),5,165,9
50,(0, 0, 0, 0, 1, 0, 1, 0, 1),3,350,9
50,(0, 0, 0, 1, 0, 0, 0, 1, 1),6,400,9
50,(0, 1, 0, 1, 1, 0, 1, 0, 0),6,337,9
50,(0, 0, 1, 1, 0, 1, 0, 1, 0),6,272,9
50,(1, 1, 1, 0, 0, 1, 0, 1, 0),3,388,9
50,(1, 0, 1, 1, 0, 0, 0, 0, 0),8,214,9
50,(0, 1, 0, 0, 0, 1, 1, 1, 0),7,189,9
50,(0, 1, 1, 1, 1, 1, 1, 1, 1),5,380,9
50,(1, 0, 1, 0, 0, 1, 0, 1, 0),4,296,9
50,(1, 0, 1, 1, 0, 0, 0, 0, 1),8,298,9
50,(0, 0, 1, 0, 1, 1, 1, 0, 1),5,253,9
50,(0, 1, 0, 1, 1, 0, 0, 0, 1),9,406,9
50,(0, 0, 1, 1, 0, 1, 0, 1, 1),6,404,9
50,(0, 0, 1, 1, 1, 1, 0, 1, 1),8,294,9
50,(1, 0, 0, 0, 1, 0, 0, 1, 0),4,364,9
50,(0, 1, 1, 0, 0, 1, 1, 1, 1),6,200,9
50,(1, 0, 0, 1, 1, 1, 1, 0, 0),8,289,9
50,(0, 1, 0, 0, 0, 1, 1, 1, 1),7,333,9
50,(1, 0, 0, 1, 0, 1, 1, 0, 0),1,562,9
50,(1, 0, 1, 1, 0, 1, 1, 0, 0),5,231,9
50,(1, 0, 1, 1, 0, 1, 1, 0, 1),7,440,9
50,(0, 1, 1, 1, 1, 1, 1, 1, 0),7,246,9
50,(1, 0, 0, 1, 1, 1, 1, 0, 1),4,317,9
50,(1, 0, 0, 0, 1, 0, 0, 1, 1),3,327,9
50,(0, 1, 1, 1, 0, 1, 1, 1, 0),5,260,9
50,(0, 0, 1, 0, 0, 1, 1, 1, 1),4,260,9
50,(0, 1, 0, 1, 0, 0, 0, 0, 0),8,266,9
50,(1, 0, 1, 0, 1, 1, 0, 0, 0),6,347,9
50,(0, 1, 0, 1, 1, 0, 0, 0, 0),6,256,9
50,(1, 1, 1, 0, 1, 1, 1, 1, 0),5,272,9
50,(1, 1, 0, 0, 0, 1, 0, 1, 0),7,522,9
50,(0, 1, 1, 1, 0, 1, 0, 0, 1),6,350,9
50,(1, 1, 1, 1, 1, 1, 0, 1, 1),8,462,9
50,(0, 0, 1, 0, 0, 1, 0, 0, 0),6,329,9
50,(1, 1, 0, 0, 1, 0, 0, 0, 0),3,337,9
50,(0, 1, 0, 1, 1, 0, 1, 1, 0),5,249,9
50,(1, 0, 1, 0, 1, 1, 0, 1, 0),9,236,9
50,(1, 0, 1, 0, 1, 1, 0, 1, 1),6,204,9
50,(1, 1, 0, 0, 1, 0, 0, 0, 1),6,229,9
50,(0, 0, 1, 0, 0, 1, 1, 1, 0),10,383,9
50,(1, 0, 0, 1, 0, 1, 1, 1, 1),5,436,9
50,(0, 0, 0, 1, 1, 0, 0, 1, 0),4,259,9
50,(1, 1, 1, 0, 1, 1, 1, 1, 1),5,300,9
50,(1, 1, 1, 0, 0, 1, 0, 1, 1),10,240,9
50,(1, 1, 0, 0, 0, 1, 0, 1, 1),5,356,9
50,(1, 1, 1, 1, 0, 0, 1, 0, 1),6,203,9
50,(0, 1, 1, 1, 0, 1, 0, 0, 0),8,328,9
50,(1, 1, 1, 1, 1, 1, 0, 1, 0),6,285,9
50,(0, 0, 1, 0, 0, 1, 0, 0, 1),6,237,9
50,(0, 1, 0, 1, 0, 0, 0, 1, 1),5,155,9
50,(0, 0, 0, 0, 1, 0, 1, 1, 1),8,291,9
50,(0, 0, 0, 0, 1, 0, 1, 1, 0),6,367,9
50,(0, 0, 1, 1, 1, 1, 0, 0, 0),9,200,9
50,(0, 0, 1, 0, 1, 1, 1, 0, 0),7,361,9
50,(0, 0, 0, 1, 1, 0, 0, 1, 1),4,158,9
50,(1, 1, 1, 1, 0, 0, 1, 0, 0),7,587,9
50,(0, 1, 1, 0, 0, 1, 1, 0, 0),7,298,9
50,(1, 0, 1, 0, 0, 0, 1, 0, 1),4,202,9
50,(0, 1, 1, 1, 1, 0, 1, 0, 0),7,335,9
50,(0, 1, 1, 1, 1, 1, 1, 0, 1),8,302,9
50,(0, 1, 1, 0, 1, 1, 1, 1, 0),7,207,9
50,(0, 1, 0, 1, 0, 0, 0, 1, 0),9,385,9
50,(1, 1, 1, 1, 0, 0, 0, 1, 0),7,455,9
50,(0, 0, 1, 1, 1, 0, 0, 0, 0),7,265,9
50,(1, 1, 1, 1, 0, 1, 0, 1, 1),6,346,9
50,(0, 0, 1, 1, 1, 1, 0, 0, 1),4,282,9
50,(0, 0, 1, 1, 1, 0, 0, 0, 1),10,257,9
50,(1, 0, 1, 1, 1, 1, 1, 0, 0),6,248,9
50,(0, 1, 1, 0, 0, 0, 0, 0, 0),6,360,9
50,(0, 1, 0, 1, 0, 1, 0, 1, 1),7,592,9
50,(0, 0, 1, 0, 1, 1, 0, 1, 0),9,256,9
50,(1, 0, 1, 1, 0, 1, 1, 1, 1),7,195,9
50,(0, 1, 1, 0, 0, 1, 0, 0, 1),5,341,9
50,(1, 0, 0, 0, 1, 1, 1, 0, 1),6,225,9
50,(1, 1, 0, 0, 0, 0, 0, 1, 0),4,233,9
50,(0, 1, 1, 1, 1, 0, 1, 0, 1),9,438,9
50,(1, 0, 0, 0, 1, 0, 1, 0, 0),4,144,9
50,(0, 1, 1, 1, 1, 1, 1, 0, 0),5,318,9
50,(0, 0, 0, 0, 0, 0, 0, 0, 0),7,320,9
50,(0, 1, 1, 1, 0, 1, 1, 0, 0),7,425,9
50,(0, 1, 1, 0, 1, 1, 1, 1, 1),5,451,9
50,(0, 0, 1, 0, 1, 0, 0, 1, 1),6,521,9
50,(0, 0, 1, 0, 1, 0, 0, 1, 0),4,257,9
50,(1, 0, 0, 0, 0, 1, 1, 1, 1),8,317,9
50,(0, 1, 1, 1, 0, 0, 1, 1, 1),5,482,9
50,(1, 0, 1, 1, 1, 1, 1, 0, 1),5,232,9
50,(0, 1, 1, 0, 0, 0, 0, 0, 1),5,677,9
50,(1, 1, 0, 0, 0, 0, 0, 1, 1),5,277,9
50,(1, 0, 1, 1, 0, 1, 1, 1, 0),10,360,9
50,(0, 1, 1, 0, 0, 1, 0, 0, 0),5,251,9
50,(0, 1, 0, 1, 1, 1, 0, 0, 1),6,331,9
50,(0, 0, 1, 1, 1, 1, 1, 1, 0),11,186,9
50,(1, 1, 1, 0, 1, 1, 0, 1, 0),7,214,9
50,(1, 0, 0, 0, 1, 0, 1, 0, 1),8,321,9
50,(1, 0, 0, 0, 0, 1, 1, 0, 0),5,290,9
50,(0, 0, 0, 0, 0, 0, 0, 0, 1),8,162,9
50,(1, 1, 1, 1, 1, 0, 0, 1, 0),9,209,9
50,(1, 0, 0, 1, 0, 0, 1, 0, 0),6,167,9
50,(0, 1, 0, 1, 1, 0, 0, 1, 0),7,260,9
50,(1, 0, 1, 1, 1, 0, 1, 1, 1),9,275,9
50,(0, 1, 1, 0, 0, 1, 1, 1, 0),5,320,9
50,(1, 0, 0, 1, 0, 1, 1, 0, 1),11,436,9
50,(0, 1, 1, 1, 0, 0, 1, 1, 0),6,349,9
50,(0, 0, 1, 1, 0, 1, 0, 0, 1),9,248,9
50,(1, 0, 0, 1, 0, 0, 1, 0, 1),6,319,9
50,(0, 1, 1, 1, 0, 1, 1, 1, 1),8,257,9
50,(0, 1, 0, 0, 0, 0, 1, 0, 0),7,228,9
50,(0, 0, 1, 0, 0, 1, 0, 1, 0),8,397,9
50,(1, 1, 1, 1, 1, 1, 0, 0, 0),4,328,9
50,(1, 0, 0, 0, 0, 1, 1, 0, 1),9,296,9
50,(0, 0, 1, 1, 0, 0, 0, 1, 0),8,359,9
50,(0, 1, 0, 1, 1, 1, 0, 0, 0),5,373,9
50,(0, 0, 1, 1, 1, 1, 1, 1, 1),6,328,9
50,(1, 1, 1, 0, 1, 1, 0, 1, 1),8,441,9
50,(0, 1, 1, 0, 1, 0, 1, 1, 0),4,346,9
50,(1, 1, 1, 1, 1, 0, 0, 1, 1),6,344,9
50,(0, 1, 0, 1, 1, 0, 0, 1, 1),7,239,9
50,(1, 0, 1, 1, 1, 0, 1, 1, 0),8,272,9
50,(1, 0, 0, 0, 0, 0, 1, 1, 0),9,286,9
50,(1, 1, 1, 1, 0, 1, 0, 1, 0),6,360,9
50,(1, 0, 0, 0, 0, 0, 1, 1, 1),7,248,9
50,(0, 0, 1, 1, 0, 1, 0, 0, 0),6,199,9
50,(0, 1, 0, 0, 0, 0, 1, 0, 1),7,358,9
50,(0, 1, 0, 1, 0, 1, 0, 1, 0),7,311,9
50,(0, 0, 1, 0, 0, 1, 0, 1, 1),5,384,9
50,(0, 1, 1, 0, 1, 0, 1, 1, 1),6,400,9
50,(0, 0, 1, 1, 0, 0, 0, 1, 1),7,343,9
50,(1, 1, 1, 1, 1, 1, 0, 0, 1),8,296,9
50,(0, 0, 1, 1, 0, 1, 1, 1, 0),5,305,9
50,(1, 0, 0, 0, 0, 0, 0, 0, 1),8,284,9
50,(0, 0, 1, 1, 1, 0, 1, 1, 1),6,322,9
50,(0, 1, 1, 0, 0, 0, 0, 1, 1),6,370,9
50,(0, 0, 1, 0, 1, 1, 0, 0, 0),9,233,9
50,(1, 1, 0, 0, 0, 0, 0, 0, 0),6,284,9
50,(1, 1, 0, 0, 0, 0, 1, 0, 1),9,310,9
50,(1, 0, 0, 0, 1, 1, 1, 1, 0),6,310,9
50,(1, 1, 0, 0, 0, 0, 1, 0, 0),7,275,9
50,(1, 0, 0, 0, 1, 1, 1, 1, 1),8,344,9
50,(1, 1, 0, 0, 0, 1, 1, 0, 1),5,311,9
50,(1, 0, 0, 0, 1, 0, 1, 1, 0),6,286,9
50,(0, 0, 1, 0, 1, 1, 0, 0, 1),4,325,9
50,(0, 0, 1, 1, 1, 0, 1, 1, 0),8,284,9
50,(1, 0, 0, 0, 0, 0, 0, 0, 0),9,231,9
50,(1, 1, 1, 1, 0, 1, 0, 0, 0),7,484,9
50,(0, 1, 1, 1, 0, 0, 1, 0, 1),8,149,9
50,(1, 0, 1, 1, 1, 1, 1, 1, 1),5,416,9
50,(0, 1, 1, 0, 0, 0, 0, 1, 0),10,305,9
50,(1, 1, 1, 1, 1, 0, 0, 0, 1),9,564,9
50,(1, 1, 1, 1, 1, 1, 1, 1, 0),6,492,9
50,(1, 1, 0, 0, 0, 0, 0, 0, 1),6,299,9
50,(1, 1, 1, 1, 1, 0, 0, 0, 0),6,210,9
50,(1, 0, 1, 1, 1, 1, 1, 1, 0),7,382,9
50,(0, 1, 1, 0, 1, 1, 0, 0, 0),5,340,9
50,(1, 1, 1, 1, 0, 0, 0, 0, 0),9,273,9
50,(1, 1, 1, 1, 1, 1, 1, 0, 1),4,305,9
50,(1, 0, 0, 0, 0, 1, 0, 0, 0),4,402,9
50,(0, 1, 1, 1, 0, 0, 1, 0, 0),4,295,9
50,(0, 1, 1, 0, 1, 0, 0, 1, 1),8,337,9
50,(0, 1, 1, 1, 0, 1, 1, 0, 1),10,215,9
50,(1, 1, 1, 1, 1, 0, 1, 1, 0),12,391,9
50,(0, 1, 1, 0, 0, 1, 0, 1, 0),5,294,9
50,(0, 1, 1, 0, 1, 0, 0, 0, 1),8,239,9
50,(1, 0, 1, 1, 1, 0, 0, 1, 1),7,356,9
50,(1, 1, 1, 1, 1, 1, 1, 1, 1),4,171,9
50,(0, 0, 1, 1, 0, 0, 0, 0, 0),10,332,9
50,(1, 0, 0, 0, 0, 1, 1, 1, 0),6,309,9
50,(0, 1, 0, 1, 1, 1, 0, 1, 1),6,193,9
50,(1, 1, 0, 0, 1, 0, 1, 0, 1),8,312,9
50,(1, 0, 1, 1, 1, 0, 0, 1, 0),7,298,9
50,(0, 1, 1, 0, 1, 0, 0, 0, 0),8,219,9
50,(1, 1, 1, 1, 1, 0, 1, 1, 1),8,230,9
50,(0, 1, 1, 0, 1, 1, 0, 0, 1),7,174,9
50,(0, 0, 1, 1, 0, 0, 1, 1, 0),12,334,9
50,(1, 1, 1, 1, 1, 1, 1, 0, 0),7,350,9
50,(0, 0, 1, 1, 0, 1, 1, 1, 1),5,452,9
50,(1, 0, 0, 0, 0, 1, 0, 0, 1),9,257,9
50,(0, 0, 0, 0, 0, 0, 1, 0, 0),7,158,9
50,(0, 1, 1, 0, 0, 1, 0, 1, 1),8,282,9
50,(1, 1, 1, 1, 0, 0, 0, 1, 1),8,194,9
50,(1, 0, 1, 1, 1, 1, 0, 0, 0),4,342,9
50,(0, 0, 1, 1, 0, 0, 0, 0, 1),6,421,9
50,(0, 0, 1, 1, 1, 0, 1, 0, 0),5,277,9
50,(0, 1, 0, 1, 1, 1, 0, 1, 0),3,261,9
50,(1, 0, 1, 1, 1, 1, 0, 0, 1),7,309,9
50,(1, 0, 0, 0, 1, 0, 1, 1, 1),11,209,9
50,(1, 1, 0, 0, 0, 1, 1, 0, 0),9,227,9
50,(0, 0, 1, 0, 1, 1, 0, 1, 1),9,139,9
50,(1, 0, 1, 1, 0, 1, 0, 1, 0),6,231,9
50,(0, 0, 0, 0, 0, 0, 1, 0, 1),10,338,9
50,(1, 1, 1, 1, 0, 1, 0, 0, 1),5,318,9
50,(1, 0, 0, 0, 1, 1, 1, 0, 0),6,440,9
50,(1, 1, 0, 0, 0, 0, 1, 1, 1),9,242,9
