Id;indegree;outdegree;degree;weighted indegree;weighted outdegree;weighted degree;Eccentricity;closnesscentrality;harmonicclosnesscentrality;betweenesscentrality;Authority;Hub;componentnumber;clustering;triangles;eigencentrality;pageranks
1;67;67;134;67;67;134;5;0.455031;0.514481;12757.053456;0.247249;0.247248;0;0.109;241;0.826409;0.016502
701;105;105;210;105;105;210;5;0.483444;0.559752;33456.556894;0.275913;0.275911;0;0.047436;259;1;0.029703
2914;57;57;114;57;57;114;5;0.453014;0.506491;9607.689624;0.25145;0.251449;0;0.16604;265;0.829837;0.013971
1800;17;17;34;17;17;34;5;0.391571;0.426321;964.516056;0.120813;0.120813;0;0.558824;76;0.393012;0.00404
1673;33;33;66;33;33;66;5;0.414436;0.458545;5041.543866;0.171173;0.171173;0;0.25947;137;0.561139;0.009252
286;41;41;82;41;41;82;5;0.439381;0.484573;7368.732081;0.213352;0.213352;0;0.262195;215;0.703083;0.009983
7018;71;71;142;71;71;142;5;0.44551;0.511024;15719.777379;0.213796;0.213795;0;0.067606;168;0.729681;0.01971
1239;88;88;176;88;88;176;5;0.470968;0.540411;23587.823922;0.278372;0.278371;0;0.073929;283;0.936141;0.022856
1740;42;42;84;42;42;84;5;0.433786;0.481703;4225.928702;0.22149;0.22149;0;0.261324;225;0.725444;0.010451
293;68;68;136;68;68;136;5;0.466667;0.524103;17083.732978;0.253306;0.253305;0;0.115013;262;0.849654;0.017653
3561;92;92;184;92;92;184;5;0.468378;0.540672;22719.033386;0.272419;0.272417;0;0.063067;264;0.923802;0.022947
568;10;10;20;10;10;20;5;0.380208;0.410339;3460.496118;0.094396;0.094396;0;0.777778;35;0.306277;0.00257
2685;14;14;28;14;14;28;5;0.404272;0.436921;2729.621638;0.113481;0.113481;0;0.483516;44;0.37763;0.00359
6461;18;18;36;18;18;36;5;0.407171;0.443183;2098.494437;0.126969;0.12697;0;0.392157;60;0.420295;0.004549
6301;3;3;6;3;3;6;5;0.348093;0.375016;0;0.034197;0.034198;0;1;3;0.118269;0.000977
4200;16;16;32;16;16;32;5;0.398907;0.432909;2102.248915;0.108297;0.108298;0;0.358333;43;0.360142;0.004378
11015;2;2;4;2;2;4;6;0.325893;0.348402;0;0.021394;0.021394;0;1;1;0.071447;0.000738
4000;15;15;30;15;15;30;6;0.377959;0.411089;2593.33351;0.087299;0.087299;0;0.257143;27;0.287512;0.00405
71;8;8;16;8;8;16;5;0.35;0.380235;933.83715;0.036109;0.03611;0;0.285714;8;0.133188;0.002239
33;4;4;8;4;4;8;5;0.346911;0.372831;2.209856;0.043421;0.043421;0;0.833333;5;0.144612;0.00115
714;2;2;4;2;2;4;6;0.314268;0.332714;12.591209;0.013291;0.013291;0;0;0;0.044103;0.000814
3;3;3;6;3;3;6;6;0.34044;0.364742;59.754483;0.025409;0.025409;0;0.666667;2;0.087223;0.001005
3360;3;3;6;3;3;6;6;0.314075;0.332551;45.926213;0.011723;0.011724;0;0.333333;1;0.041207;0.000787
6172;13;13;26;13;13;26;5;0.387121;0.419863;612.025926;0.105381;0.105382;0;0.551282;43;0.360258;0.002891
5646;17;17;34;17;17;34;5;0.376289;0.412329;2929.244271;0.067695;0.067695;0;0.117647;16;0.244712;0.004854
7725;4;4;8;4;4;8;6;0.333551;0.358447;7.757074;0.026341;0.026341;0;0.333333;2;0.092606;0.000893
2548;21;21;42;21;21;42;5;0.404913;0.44302;2745.559256;0.129725;0.129726;0;0.3;63;0.430063;0.005764
7756;3;3;6;3;3;6;6;0.313305;0.331572;9.437074;0.012191;0.012191;0;0.333333;1;0.042699;0.000759
5727;7;7;14;7;7;14;5;0.352901;0.383986;267.491292;0.046736;0.046736;0;0.333333;7;0.159594;0.002072
3847;13;13;26;13;13;26;5;0.400784;0.433562;561.024766;0.115652;0.115653;0;0.628205;49;0.384434;0.003115
6113;7;7;14;7;7;14;5;0.366308;0.393444;414.219357;0.068052;0.068053;0;0.714286;15;0.22428;0.001978
5006;7;7;14;7;7;14;5;0.37908;0.407436;92.104673;0.06237;0.062371;0;0.571429;12;0.222138;0.00167
4565;12;12;24;12;12;24;5;0.401099;0.433235;419.204472;0.119308;0.119309;0;0.757576;50;0.39331;0.003017
6467;6;6;12;6;6;12;6;0.351686;0.381083;81.365706;0.051439;0.051439;0;0.6;9;0.170326;0.001547
5696;12;12;24;12;12;24;6;0.358596;0.388389;1007.25115;0.077784;0.077784;0;0.378788;25;0.250894;0.003168
32;2;2;4;2;2;4;6;0.318182;0.336008;111.787898;0.01163;0.01163;0;0;0;0.03899;0.000805
174;13;13;26;13;13;26;5;0.40047;0.433399;1494.523743;0.112189;0.11219;0;0.551282;43;0.372227;0.003521
6453;17;17;34;17;17;34;5;0.415447;0.448663;5967.073086;0.089539;0.08954;0;0.183824;25;0.312239;0.004469
8959;2;2;4;2;2;4;6;0.313497;0.331898;28.95521;0.011719;0.011719;0;0;0;0.039058;0.000662
7176;2;2;4;2;2;4;6;0.316213;0.33454;72.176406;0.011725;0.011725;0;0;0;0.039497;0.000766
3549;10;10;20;10;10;20;5;0.388298;0.418558;520.526969;0.098404;0.098404;0;0.733333;33;0.324535;0.00269
1833;9;9;18;9;9;18;5;0.365784;0.397391;1682.147991;0.05434;0.054341;0;0.388889;14;0.194631;0.002361
5683;11;11;22;11;11;22;5;0.397047;0.429061;1595.241703;0.102171;0.102171;0;0.636364;35;0.341168;0.002843
3257;19;19;38;19;19;38;5;0.397047;0.434638;4661.754794;0.083945;0.083945;0;0.122807;21;0.292188;0.005547
2856;7;7;14;7;7;14;5;0.345972;0.372374;319.638084;0.027317;0.027317;0;0.333333;7;0.101864;0.0017
8918;5;5;10;5;5;10;6;0.330744;0.353359;214.880195;0.015929;0.015929;0;0;0;0.058785;0.001304
34;2;2;4;2;2;4;6;0.313882;0.332224;0;0.0153;0.0153;0;1;1;0.050437;0.000682
199;1;1;2;1;1;2;6;0.312921;0.330267;0;0.011473;0.011473;0;0;0;0.037492;0.000502
5691;1;1;2;1;1;2;6;0.312921;0.330267;0;0.011473;0.011473;0;0;0;0.037492;0.000502
3967;11;11;22;11;11;22;5;0.39429;0.426712;528.705778;0.108019;0.10802;0;0.727273;40;0.356618;0.002775
6;1;1;2;1;1;2;6;0.312921;0.330267;0;0.011473;0.011473;0;0;0;0.037492;0.000502
7170;17;17;34;17;17;34;6;0.367626;0.401207;3342.626067;0.075521;0.075522;0;0.176471;24;0.248441;0.005468
668;14;14;28;14;14;28;5;0.388593;0.422962;1501.098585;0.096849;0.09685;0;0.494505;45;0.319658;0.003808
48;3;3;6;3;3;6;6;0.314849;0.334181;0;0.014978;0.014978;0;0.666667;2;0.051816;0.000776
2637;2;2;4;2;2;4;6;0.318777;0.33666;109.205735;0.011669;0.011669;0;0;0;0.039192;0.000828
297;18;18;36;18;18;36;5;0.413096;0.448728;2689.352183;0.132444;0.132444;0;0.45098;69;0.440559;0.004713
4766;6;6;12;6;6;12;6;0.358094;0.387573;510;0.047054;0.047054;0;0.466667;7;0.165843;0.001584
10725;3;3;6;3;3;6;6;0.314075;0.332322;38.124327;0.011745;0.011745;0;0.333333;1;0.041274;0.000812
10437;3;3;6;3;3;6;5;0.338635;0.36197;0;0.024277;0.024277;0;0.333333;1;0.088671;0.000741
11039;5;5;10;5;5;10;6;0.341121;0.366373;189.771813;0.025654;0.025654;0;0.3;3;0.093205;0.001306
3450;4;4;8;4;4;8;5;0.355602;0.381474;77.373189;0.037821;0.037821;0;0.5;3;0.12976;0.001297
3932;10;10;20;10;10;20;5;0.381343;0.413242;130.028263;0.082463;0.082464;0;0.577778;26;0.288592;0.002328
3479;3;3;6;3;3;6;5;0.339084;0.363275;510;0.024329;0.024329;0;0.333333;1;0.085102;0.000896
6922;7;7;14;7;7;14;6;0.346206;0.374918;1067.185485;0.035094;0.035094;0;0.285714;6;0.124931;0.001935
5723;2;2;4;2;2;4;6;0.330103;0.351435;59.754483;0.013655;0.013655;0;0;0;0.048557;0.000785
3527;1;1;2;1;1;2;6;0.312921;0.330267;0;0.011473;0.011473;0;0;0;0.037492;0.000502
3749;2;2;4;2;2;4;6;0.312921;0.330267;0;0.011473;0.011473;0;0;0;0.039707;0.000502
10561;2;2;4;2;2;4;5;0.338635;0.36197;0;0.024277;0.024277;0;1;1;0.084314;0.000741
145;47;47;94;47;47;94;6;0.355355;0.413731;10294.723624;0.047007;0.047007;0;0.012026;13;0.189111;0.015604
4;1;1;2;1;1;2;8;0.208827;0.219539;0;0.000104;0.000104;0;0;0;0.001355;0.000807
11422;4;4;8;4;4;8;7;0.26381;0.286646;1086.199609;0.002242;0.002242;0;0;0;0.013087;0.002417
7;2;2;4;2;2;4;6;0.321991;0.343183;81.725265;0.01295;0.01295;0;0;0;0.044906;0.000809
786;6;6;12;6;6;12;6;0.310827;0.328408;833.479972;0.006655;0.006655;0;0.066667;1;0.029287;0.002144
8;2;2;4;2;2;4;7;0.261114;0.273926;6.826033;0.001798;0.001798;0;0;0;0.007231;0.000978
114;6;6;12;6;6;12;6;0.342723;0.369341;1355.688189;0.036318;0.036318;0;0.2;3;0.121255;0.002149
4557;4;4;8;4;4;8;7;0.26381;0.286744;202.717579;0.002435;0.002435;0;0;0;0.013827;0.00179
9;1;1;2;1;1;2;7;0.26232;0.274401;0;0.001652;0.001652;0;0;0;0.006463;0.000561
5050;9;9;18;9;9;18;6;0.355355;0.385845;2255.382698;0.035604;0.035605;0;0.194444;7;0.129724;0.003151
13;2;2;4;2;2;4;6;0.283102;0.297554;0;0.007999;0.007999;0;1;1;0.025978;0.000798
16;1;1;2;1;1;2;6;0.31838;0.334932;0;0.011754;0.011754;0;0;0;0.038666;0.000514
17;1;1;2;1;1;2;6;0.326101;0.346902;0;0.012803;0.012803;0;0;0;0.046822;0.000531
18;2;2;4;2;2;4;7;0.263266;0.283972;18.357218;0.002808;0.002808;0;0;0;0.013777;0.000752
3354;4;4;8;4;4;8;6;0.319975;0.338519;133.830678;0.013513;0.013513;0;0.333333;2;0.048725;0.001039
22;2;2;4;2;2;4;6;0.283102;0.297554;0;0.007999;0.007999;0;1;1;0.025978;0.000798
24;3;3;6;3;3;6;6;0.307091;0.327299;13.929545;0.010079;0.010079;0;0.333333;1;0.037353;0.000996
600;6;6;12;6;6;12;5;0.361386;0.388845;561.577208;0.037753;0.037753;0;0.333333;5;0.138039;0.001628
25;3;3;6;3;3;6;6;0.320778;0.34015;80.060364;0.012909;0.012909;0;0.333333;1;0.044225;0.001115
1852;10;10;20;10;10;20;6;0.322601;0.347326;1709.33256;0.021502;0.021502;0;0.022222;1;0.07422;0.003518
11423;4;4;8;4;4;8;7;0.269942;0.292974;132.97345;0.003374;0.003374;0;0;0;0.016697;0.001424
26;2;2;4;2;2;4;7;0.271664;0.293365;93.102335;0.002823;0.002823;0;0;0;0.013872;0.000958
1785;5;5;10;5;5;10;6;0.325685;0.348174;1187.358472;0.013828;0.013828;0;0;0;0.04867;0.002251
27;1;1;2;1;1;2;6;0.288375;0.301663;0;0.00602;0.00602;0;0;0;0.019301;0.000526
29;1;1;2;1;1;2;7;0.26232;0.281754;0;0.002181;0.002181;0;0;0;0.011065;0.000575
2497;28;28;56;28;28;56;5;0.402679;0.444651;1824.649276;0.161108;0.161108;0;0.314815;119;0.52686;0.006626
37;1;1;2;1;1;2;7;0.268947;0.281167;0;0.003505;0.003504;0;0;0;0.011557;0.000566
38;3;3;6;3;3;6;6;0.302725;0.324364;43.496294;0.007808;0.007808;0;0;0;0.03156;0.001046
1225;10;10;20;10;10;20;5;0.376566;0.40711;1205.045822;0.053568;0.053569;0;0.2;9;0.186706;0.002845
41;1;1;2;1;1;2;6;0.292501;0.305055;0;0.006146;0.006146;0;0;0;0.019666;0.000516
45;1;1;2;1;1;2;6;0.31838;0.334932;0;0.011754;0.011754;0;0;0;0.038666;0.000514
46;2;2;4;2;2;4;6;0.345037;0.368558;210.723644;0.014985;0.014985;0;0;0;0.057887;0.000814
47;1;1;2;1;1;2;8;0.208827;0.219539;0;0.000104;0.000104;0;0;0;0.001355;0.000807
49;1;1;2;1;1;2;6;0.326101;0.346902;0;0.012803;0.012803;0;0;0;0.046822;0.000531
50;2;2;4;2;2;4;6;0.318777;0.336236;6.242056;0.013509;0.013509;0;0;0;0.04481;0.000789
52;2;2;4;2;2;4;6;0.319575;0.340639;24.911977;0.013215;0.013215;0;0;0;0.045066;0.000883
6251;2;2;4;2;2;4;6;0.318777;0.336236;17.569193;0.012368;0.012368;0;0;0;0.041151;0.000889
55;1;1;2;1;1;2;7;0.248058;0.257148;0;0.000644;0.000644;0;0;0;0.002722;0.000679
10466;3;3;6;3;3;6;6;0.329677;0.350554;555.860532;0.013879;0.013879;0;0;0;0.048742;0.001361
68;1;1;2;1;1;2;6;0.31838;0.334932;0;0.011754;0.011754;0;0;0;0.038666;0.000514
4637;3;3;6;3;3;6;5;0.34976;0.37332;24.54012;0.027396;0.027397;0;0.666667;2;0.096373;0.000964
3758;2;2;4;2;2;4;6;0.263538;0.277071;1.033333;0.002328;0.002328;0;0;0;0.009098;0.000811
4657;2;2;4;2;2;4;6;0.263538;0.277071;1.033333;0.002328;0.002328;0;0;0;0.009098;0.000811
2915;2;2;4;2;2;4;6;0.294694;0.31047;3.127871;0.009152;0.009152;0;0;0;0.029782;0.000706
73;4;4;8;4;4;8;7;0.265869;0.279079;18.610826;0.001841;0.001841;0;0.5;3;0.008944;0.001059
3940;2;2;4;2;2;4;6;0.320175;0.341455;163.870888;0.012727;0.012727;0;0;0;0.043866;0.000685
685;4;4;8;4;4;8;6;0.332899;0.354925;293.791383;0.024671;0.024671;0;0.333333;2;0.085362;0.000902
101;2;2;4;2;2;4;7;0.263131;0.284037;65.948555;0.002267;0.002267;0;0;0;0.012143;0.000755
77;1;1;2;1;1;2;6;0.288375;0.301663;0;0.00602;0.00602;0;0;0;0.019301;0.000526
80;1;1;2;1;1;2;6;0.326101;0.346902;0;0.012803;0.012803;0;0;0;0.046822;0.000531
81;4;4;8;4;4;8;5;0.353878;0.376288;333.72709;0.025917;0.025917;0;0.333333;2;0.096333;0.001077
10490;5;5;10;5;5;10;6;0.291833;0.314612;511.926743;0.004227;0.004227;0;0;0;0.020294;0.001912
87;2;2;4;2;2;4;6;0.330744;0.3515;181.143068;0.012932;0.012932;0;0;0;0.048073;0.000947
10680;2;2;4;2;2;4;6;0.279235;0.298728;35.194444;0.002781;0.002781;0;0;0;0.013709;0.000978
88;3;3;6;3;3;6;6;0.331818;0.35349;64.570012;0.024127;0.024128;0;0.333333;1;0.080132;0.000995
93;5;5;10;5;5;10;6;0.346911;0.372733;76.277271;0.037769;0.037769;0;0.4;4;0.131317;0.001233
7806;2;2;4;2;2;4;6;0.308761;0.329028;6.776818;0.011674;0.011674;0;0;0;0.040154;0.000704
103;1;1;2;1;1;2;6;0.273555;0.286758;0;0.003141;0.003141;0;0;0;0.011592;0.000522
104;4;4;8;4;4;8;6;0.273408;0.296151;69.254861;0.003585;0.003585;0;0.333333;2;0.017783;0.001545
194;4;4;8;4;4;8;6;0.336184;0.361742;373.550128;0.015098;0.015098;0;0.333333;2;0.056453;0.001428
3909;3;3;6;3;3;6;6;0.26381;0.276908;4.968788;0.002354;0.002354;0;0.333333;1;0.009846;0.001101
4191;2;2;4;2;2;4;6;0.324444;0.344618;90.347539;0.012808;0.012808;0;0;0;0.044336;0.000833
111;2;2;4;2;2;4;6;0.345037;0.368558;210.723644;0.014985;0.014985;0;0;0;0.057887;0.000814
302;2;2;4;2;2;4;7;0.261114;0.273926;6.826033;0.001798;0.001798;0;0;0;0.007231;0.000978
7276;3;3;6;3;3;6;7;0.261917;0.275981;52.810326;0.001878;0.001878;0;0;0;0.008111;0.001353
127;3;3;6;3;3;6;6;0.293341;0.307175;1.2;0.007492;0.007492;0;0.333333;1;0.026132;0.000664
226;6;6;12;6;6;12;6;0.324444;0.345695;53.243045;0.029003;0.029003;0;0.4;6;0.099119;0.001223
131;2;2;4;2;2;4;6;0.322601;0.343933;55.647705;0.013639;0.013639;0;0;0;0.046849;0.000804
132;2;2;4;2;2;4;6;0.283102;0.297554;0;0.007999;0.007999;0;1;1;0.025978;0.000798
144;3;3;6;3;3;6;6;0.336849;0.362231;0;0.022724;0.022724;0;0.333333;1;0.085026;0.000767
1742;2;2;4;2;2;4;6;0.325893;0.349804;125.11409;0.012102;0.012102;0;0;0;0.045021;0.000811
237;7;7;14;7;7;14;6;0.348805;0.37756;266.362159;0.033442;0.033442;0;0.333333;7;0.122127;0.001625
1201;3;3;6;3;3;6;7;0.271231;0.293528;61.861591;0.003545;0.003545;0;0;0;0.016567;0.001264
6509;5;5;10;5;5;10;6;0.330744;0.354664;404.628359;0.014961;0.014961;0;0.1;1;0.055087;0.001662
217;3;3;6;3;3;6;6;0.328829;0.35075;10.150397;0.01683;0.01683;0;0.666667;2;0.059882;0.000973
3128;3;3;6;3;3;6;7;0.263674;0.285439;204.621837;0.00235;0.00235;0;0.333333;1;0.01311;0.00141
210;3;3;6;3;3;6;6;0.335742;0.360241;549.272819;0.015139;0.015139;0;0;0;0.054851;0.001245
5739;2;2;4;2;2;4;7;0.264083;0.285994;21.396799;0.003179;0.003179;0;0;0;0.015125;0.000874
1249;2;2;4;2;2;4;6;0.335302;0.359132;103.49323;0.014822;0.014823;0;0;0;0.053854;0.000787
6192;2;2;4;2;2;4;7;0.264083;0.285994;21.396799;0.003179;0.003179;0;0;0;0.015125;0.000874
160;2;2;4;2;2;4;6;0.296404;0.316993;21.740446;0.005323;0.005323;0;0;0;0.022658;0.000805
225;2;2;4;2;2;4;7;0.2708;0.291897;7.270238;0.003348;0.003348;0;0;0;0.015408;0.00089
3112;2;2;4;2;2;4;7;0.262725;0.283385;58.08602;0.002267;0.002267;0;0;0;0.011969;0.000957
11078;2;2;4;2;2;4;6;0.320778;0.340672;18.70948;0.012459;0.012459;0;0;0;0.043094;0.000787
1312;2;2;4;2;2;4;7;0.2708;0.291897;7.270238;0.003348;0.003348;0;0;0;0.015408;0.00089
4201;2;2;4;2;2;4;6;0.288864;0.308611;28.028644;0.003941;0.003941;0;0;0;0.01728;0.000855
1706;2;2;4;2;2;4;6;0.335082;0.358611;77.559128;0.015099;0.015099;0;0;0;0.054094;0.000796
6200;3;3;6;3;3;6;6;0.330744;0.353196;29.923117;0.017077;0.017077;0;0.333333;1;0.061324;0.001025
3676;4;4;8;4;4;8;6;0.293341;0.313992;53.225478;0.005265;0.005265;0;0.333333;2;0.024252;0.001112
3388;3;3;6;3;3;6;6;0.281698;0.303653;69.237771;0.003752;0.003752;0;0;0;0.017275;0.001112
693;3;3;6;3;3;6;6;0.330744;0.353196;29.923117;0.017077;0.017077;0;0.333333;1;0.061324;0.001025
7050;2;2;4;2;2;4;7;0.263538;0.284461;30.197584;0.002338;0.002338;0;0;0;0.012398;0.000954
159;2;2;4;2;2;4;6;0.271664;0.284149;17.932526;0.001857;0.001857;0;0;0;0.007807;0.000897
2493;2;2;4;2;2;4;6;0.286917;0.300098;125.294235;0.005245;0.005245;0;0;0;0.017331;0.000966
298;3;3;6;3;3;6;6;0.290506;0.304729;3.782967;0.008711;0.008711;0;0.666667;2;0.029962;0.000797
6654;1;1;2;1;1;2;6;0.286114;0.298141;0;0.005206;0.005206;0;0;0;0.016573;0.000523
196;1;1;2;1;1;2;6;0.308389;0.327723;0;0.009921;0.009921;0;0;0;0.033955;0.000529
209;5;5;10;5;5;10;6;0.333333;0.352577;297.404568;0.032042;0.032042;0;0.4;4;0.108018;0.001244
6510;2;2;4;2;2;4;7;0.252097;0.263899;13.145425;0.000872;0.000872;0;0;0;0.004103;0.001057
224;1;1;2;1;1;2;7;0.235919;0.243318;0;0.000301;0.000301;0;0;0;0.001959;0.000622
2603;6;6;12;6;6;12;6;0.308575;0.325375;939.231788;0.006487;0.006487;0;0.066667;1;0.026748;0.002324
7066;5;5;10;5;5;10;6;0.337963;0.362492;590.307475;0.025147;0.025147;0;0.1;1;0.085765;0.001849
2150;4;4;8;4;4;8;5;0.349521;0.372994;29.940422;0.027067;0.027067;0;0.333333;2;0.099536;0.000901
234;3;3;6;3;3;6;6;0.313882;0.332127;67.197373;0.0143;0.0143;0;0.333333;1;0.046989;0.001104
267;2;2;4;2;2;4;6;0.276067;0.288454;0;0.003149;0.003149;0;1;1;0.011444;0.000848
7016;4;4;8;4;4;8;6;0.332899;0.355251;26.578553;0.016581;0.016581;0;0.333333;2;0.064028;0.000883
239;1;1;2;1;1;2;7;0.212917;0.220143;0;0.000126;0.000126;0;0;0;0.0011;0.000693
549;3;3;6;3;3;6;6;0.27037;0.284736;511.009524;0.00271;0.00271;0;0;0;0.010937;0.001412
255;1;1;2;1;1;2;7;0.218283;0.226377;0;0.000214;0.000214;0;0;0;0.001743;0.000639
721;8;8;16;8;8;16;6;0.279082;0.296934;3051.010905;0.004602;0.004602;0;0.25;7;0.019617;0.003663
271;4;4;8;4;4;8;6;0.273408;0.288421;8.82922;0.003765;0.003765;0;0.5;3;0.016047;0.000998
577;9;9;18;9;9;18;5;0.359606;0.389465;1785.143583;0.043303;0.043303;0;0.222222;8;0.148657;0.002619
7189;7;7;14;7;7;14;6;0.327774;0.353033;493.706518;0.022871;0.022871;0;0.238095;5;0.083034;0.001646
3333;14;14;28;14;14;28;6;0.331603;0.360535;1561.507072;0.022529;0.022529;0;0.131868;12;0.089666;0.004025
3491;11;11;22;11;11;22;5;0.386536;0.417254;530.973461;0.086546;0.086546;0;0.527273;29;0.288964;0.002833
517;3;3;6;3;3;6;6;0.31838;0.335714;13.816775;0.015846;0.015846;0;0.333333;1;0.054249;0.000952
1901;2;2;4;2;2;4;6;0.305805;0.320841;510;0.009922;0.009922;0;0;0;0.031766;0.001173
1755;23;23;46;23;23;46;5;0.360876;0.399446;4036.049281;0.04418;0.04418;0;0.086957;22;0.176793;0.005747
702;15;15;30;15;15;30;5;0.359353;0.39227;3341.400622;0.035679;0.035679;0;0.12381;13;0.135641;0.004485
3300;25;25;50;25;25;50;5;0.373265;0.415297;6475.990342;0.042956;0.042957;0;0.063333;19;0.178698;0.007246
1741;3;3;6;3;3;6;6;0.309135;0.32544;1044.142493;0.010223;0.010223;0;0;0;0.033818;0.001467
5400;6;6;12;6;6;12;5;0.337517;0.362394;785.678261;0.02616;0.02616;0;0.266667;4;0.091088;0.001634
3320;12;12;24;12;12;24;6;0.376844;0.407567;1097.575603;0.083539;0.08354;0;0.409091;27;0.276945;0.003127
2828;7;7;14;7;7;14;5;0.361898;0.388878;203.484633;0.065879;0.065879;0;0.714286;15;0.213371;0.001853
3951;10;10;20;10;10;20;5;0.381913;0.41396;861.758482;0.088047;0.088048;0;0.577778;26;0.292531;0.002704
1836;2;2;4;2;2;4;6;0.306723;0.321983;4.961588;0.011095;0.011095;0;0;0;0.035854;0.000692
291;1;1;2;1;1;2;6;0.31838;0.334932;0;0.011754;0.011754;0;0;0;0.038666;0.000514
292;1;1;2;1;1;2;6;0.31838;0.334932;0;0.011754;0.011754;0;0;0;0.038666;0.000514
7922;12;12;24;12;12;24;6;0.349521;0.380691;398.304113;0.047974;0.047974;0;0.075758;5;0.161668;0.002525
3789;3;3;6;3;3;6;6;0.321586;0.340639;33.480062;0.015461;0.015461;0;0;0;0.052654;0.000904
6660;5;5;10;5;5;10;5;0.354615;0.379322;207.125458;0.040505;0.040505;0;0.6;6;0.13742;0.001447
2041;3;3;6;3;3;6;6;0.337294;0.360046;338.115111;0.024753;0.024753;0;0.333333;1;0.082562;0.001088
1275;5;5;10;5;5;10;5;0.339535;0.36347;681.089472;0.024556;0.024556;0;0.3;3;0.088035;0.001346
5409;7;7;14;7;7;14;6;0.344108;0.367776;1158.250795;0.027327;0.027327;0;0.142857;3;0.09721;0.002056
2917;7;7;14;7;7;14;5;0.367626;0.392727;1064.510699;0.039995;0.039995;0;0.190476;4;0.139966;0.002228
513;6;6;12;6;6;12;6;0.339761;0.364938;586.086252;0.025738;0.025738;0;0.266667;4;0.092532;0.001581
3506;2;2;4;2;2;4;6;0.319575;0.337215;274.456466;0.011808;0.011808;0;0;0;0.039537;0.00095
6406;1;1;2;1;1;2;6;0.31838;0.334932;0;0.011754;0.011754;0;0;0;0.038666;0.000514
1843;1;1;2;1;1;2;6;0.292501;0.305055;0;0.006146;0.006146;0;0;0;0.019666;0.000516
299;2;2;4;2;2;4;7;0.25;0.262986;17.5;0.001102;0.001102;0;0;0;0.005415;0.001106
378;1;1;2;1;1;2;8;0.192178;0.197857;0;0.000022;0.000022;0;0;0;0.000745;0.000871
3339;2;2;4;2;2;4;7;0.237785;0.24808;510;0.000475;0.000475;0;0;0;0.003406;0.001361
385;1;1;2;1;1;2;8;0.179361;0.18465;0;0.00001;0.00001;0;0;0;0.000702;0.000884
400;2;2;4;2;2;4;7;0.218469;0.227681;510;0.000214;0.000214;0;0;0;0.002305;0.001391
424;1;1;2;1;1;2;7;0.218283;0.226377;0;0.000214;0.000214;0;0;0;0.001743;0.000639
497;1;1;2;1;1;2;7;0.218283;0.226377;0;0.000214;0.000214;0;0;0;0.001743;0.000639
6679;4;4;8;4;4;8;6;0.271664;0.286628;299.816635;0.001899;0.001898;0;0;0;0.0093;0.001597
559;2;2;4;2;2;4;6;0.327564;0.349511;255.994576;0.012891;0.012892;0;0;0;0.047923;0.000871
852;6;6;12;6;6;12;6;0.323828;0.347326;614.022809;0.015413;0.015413;0;0.4;6;0.057604;0.001345
854;2;2;4;2;2;4;6;0.265731;0.278571;101.816664;0.002035;0.002035;0;0;0;0.007938;0.000987
803;3;3;6;3;3;6;6;0.325478;0.346217;22.998449;0.015621;0.015621;0;0.333333;1;0.053388;0.001044
592;1;1;2;1;1;2;7;0.268947;0.281167;0;0.003505;0.003504;0;0;0;0.011557;0.000566
679;1;1;2;1;1;2;7;0.237564;0.246776;0;0.000474;0.000474;0;0;0;0.002843;0.00062
2686;8;8;16;8;8;16;6;0.311395;0.333203;2082.684601;0.010216;0.010216;0;0.071429;2;0.04349;0.003076
7260;3;3;6;3;3;6;6;0.326935;0.349511;1019;0.012859;0.012859;0;0;0;0.048098;0.001986
11090;2;2;4;2;2;4;6;0.336849;0.362231;0;0.022724;0.022724;0;1;1;0.080777;0.000767
7314;2;2;4;2;2;4;6;0.326518;0.348206;40.21742;0.013292;0.013292;0;0;0;0.049103;0.000708
8143;3;3;6;3;3;6;5;0.353878;0.3818;0;0.035365;0.035366;0;1;3;0.123566;0.000979
4592;2;2;4;2;2;4;6;0.336849;0.362231;0;0.022724;0.022724;0;1;1;0.080777;0.000767
6410;3;3;6;3;3;6;6;0.336849;0.362231;0;0.022724;0.022724;0;0.333333;1;0.085026;0.000767
6347;6;6;12;6;6;12;5;0.36396;0.392237;1046.183621;0.039178;0.039178;0;0.2;3;0.136875;0.002197
7843;2;2;4;2;2;4;5;0.348805;0.371363;0;0.025721;0.025721;0;1;1;0.089851;0.000752
814;4;4;8;4;4;8;6;0.329253;0.353262;332.056171;0.014295;0.014295;0;0.166667;1;0.054392;0.001177
816;4;4;8;4;4;8;6;0.328829;0.352772;717.169661;0.013267;0.013267;0;0.166667;1;0.05084;0.001413
1280;3;3;6;3;3;6;6;0.328829;0.352283;14.383469;0.01992;0.01992;0;0;0;0.070527;0.000886
10838;4;4;8;4;4;8;5;0.345504;0.371853;427.582851;0.025517;0.025517;0;0.333333;2;0.095193;0.00111
6541;1;1;2;1;1;2;6;0.326101;0.346902;0;0.012803;0.012803;0;0;0;0.046822;0.000531
10513;2;2;4;2;2;4;5;0.344804;0.370222;0;0.025444;0.025445;0;1;1;0.089611;0.000743
11690;2;2;4;2;2;4;5;0.348805;0.371363;0;0.025721;0.025721;0;1;1;0.089851;0.000752
3493;4;4;8;4;4;8;6;0.327985;0.351631;1000.209533;0.012941;0.012942;0;0;0;0.04929;0.001593
11232;2;2;4;2;2;4;5;0.344804;0.370222;0;0.025444;0.025445;0;1;1;0.089611;0.000743
4231;3;3;6;3;3;6;5;0.349282;0.372668;510;0.025776;0.025776;0;0.333333;1;0.090554;0.001319
11028;2;2;4;2;2;4;6;0.327564;0.349282;794.364988;0.012859;0.012859;0;0;0;0.047832;0.000746
7915;3;3;6;3;3;6;6;0.326935;0.349511;77.735813;0.01405;0.01405;0;0;0;0.052007;0.001046
7046;1;1;2;1;1;2;6;0.326101;0.346902;0;0.012803;0.012803;0;0;0;0.046822;0.000531
4694;3;3;6;3;3;6;6;0.326518;0.348206;57.169896;0.013179;0.013179;0;0.333333;1;0.051403;0.000666
10902;1;1;2;1;1;2;6;0.326101;0.346902;0;0.012803;0.012803;0;0;0;0.046822;0.000531
4230;3;3;6;3;3;6;6;0.327774;0.350652;117.03633;0.014125;0.014125;0;0;0;0.05226;0.001226
2647;1;1;2;1;1;2;6;0.326101;0.346902;0;0.012803;0.012803;0;0;0;0.046822;0.000531
8210;5;5;10;5;5;10;5;0.353633;0.382061;653.18018;0.028602;0.028602;0;0.3;3;0.104749;0.001684
6859;3;3;6;3;3;6;6;0.33053;0.353914;3.235443;0.020715;0.020715;0;0.666667;2;0.073625;0.000998
5588;3;3;6;3;3;6;6;0.332899;0.355479;0;0.014853;0.014854;0;0.333333;1;0.059293;0.000735
8750;2;2;4;2;2;4;6;0.326518;0.348206;39.07081;0.013105;0.013105;0;0;0;0.048585;0.000855
10637;2;2;4;2;2;4;6;0.326518;0.348206;510;0.012831;0.012831;0;0;0;0.047454;0.001222
2711;4;4;8;4;4;8;5;0.349282;0.372668;179.112534;0.025944;0.025944;0;0.333333;2;0.095813;0.001048
3739;3;3;6;3;3;6;5;0.348805;0.371363;0;0.025721;0.025721;0;0.333333;1;0.094482;0.000752
1744;1;1;2;1;1;2;6;0.326101;0.346902;0;0.012803;0.012803;0;0;0;0.046822;0.000531
6223;2;2;4;2;2;4;6;0.328195;0.350815;0;0.018823;0.018823;0;1;1;0.066123;0.000765
6360;1;1;2;1;1;2;6;0.326101;0.346902;0;0.012803;0.012803;0;0;0;0.046822;0.000531
7474;7;7;14;7;7;14;6;0.328829;0.354077;1527.8;0.019841;0.019841;0;0.333333;7;0.075686;0.0024
3701;5;5;10;5;5;10;5;0.358596;0.384703;355.460044;0.037919;0.037919;0;0.4;4;0.13036;0.001648
1760;3;3;6;3;3;6;5;0.349282;0.372668;510;0.025776;0.025776;0;0.333333;1;0.09065;0.000908
6381;2;2;4;2;2;4;6;0.327145;0.348858;539.808136;0.012832;0.012832;0;0;0;0.047554;0.001029
7281;1;1;2;1;1;2;6;0.326101;0.346902;0;0.012803;0.012803;0;0;0;0.046822;0.000531
11030;2;2;4;2;2;4;5;0.335302;0.356915;0;0.023081;0.023081;0;1;1;0.078851;0.000743
7515;5;5;10;5;5;10;5;0.363701;0.390705;147.918276;0.04776;0.04776;0;0.6;6;0.162636;0.001516
6388;2;2;4;2;2;4;6;0.326518;0.348206;27.223095;0.013448;0.013448;0;0;0;0.049669;0.000721
8063;2;2;4;2;2;4;6;0.326518;0.348206;27.223095;0.013448;0.013448;0;0;0;0.049669;0.000721
7925;1;1;2;1;1;2;6;0.326101;0.346902;0;0.012803;0.012803;0;0;0;0.046822;0.000531
6385;2;2;4;2;2;4;6;0.326518;0.348206;510;0.012831;0.012831;0;0;0;0.047454;0.001222
3850;2;2;4;2;2;4;5;0.348805;0.371363;0;0.025721;0.025721;0;1;1;0.089851;0.000752
1849;15;15;30;15;15;30;6;0.315432;0.344488;636.098907;0.015594;0.015594;0;0.12381;13;0.067553;0.004337
5418;2;2;4;2;2;4;6;0.265041;0.278539;20.160752;0.001713;0.001713;0;0;0;0.008106;0.0009
5377;4;4;8;4;4;8;6;0.306171;0.320222;451.398848;0.005851;0.005851;0;0.333333;2;0.024459;0.000972
6696;3;3;6;3;3;6;6;0.275769;0.293836;45.225596;0.003845;0.003845;0;0.333333;1;0.017927;0.001144
1270;2;2;4;2;2;4;6;0.295035;0.309524;10.075668;0.005551;0.005551;0;0;0;0.020923;0.000795
6730;1;1;2;1;1;2;6;0.264493;0.276745;0;0.001656;0.001656;0;0;0;0.007117;0.000547
1653;3;3;6;3;3;6;6;0.270227;0.284377;1018;0.001961;0.001961;0;0.333333;1;0.009838;0.001098
1455;1;1;2;1;1;2;7;0.218283;0.226377;0;0.000214;0.000214;0;0;0;0.001743;0.000639
1503;2;2;4;2;2;4;7;0.271088;0.285505;67.277778;0.003718;0.003718;0;0;0;0.013301;0.000913
8933;5;5;10;5;5;10;6;0.26712;0.283692;90.527832;0.002088;0.002088;0;0;0;0.011292;0.00175
5459;21;21;42;21;21;42;6;0.322805;0.358121;1424.399512;0.022938;0.022938;0;0.1;21;0.097146;0.005899
6683;2;2;4;2;2;4;7;0.238451;0.247656;190.064007;0.000312;0.000312;0;0;0;0.002793;0.001179
815;3;3;6;3;3;6;7;0.249634;0.262902;1.10049;0.001633;0.001633;0;0.666667;2;0.008198;0.001024
6327;8;8;16;8;8;16;6;0.289847;0.308513;256.703989;0.007631;0.007631;0;0.357143;10;0.031944;0.00191
7992;2;2;4;2;2;4;7;0.248299;0.260097;1.5;0.00073;0.00073;0;0;0;0.003951;0.000967
1691;2;2;4;2;2;4;7;0.24842;0.2608;0.833333;0.001777;0.001777;0;0;0;0.007567;0.000631
10482;3;3;6;3;3;6;7;0.245791;0.257865;0;0.001069;0.001069;0;1;3;0.006455;0.000637
11260;2;2;4;2;2;4;7;0.238451;0.249814;9.972839;0.000561;0.000561;0;0;0;0.00317;0.001052
1103;4;4;8;4;4;8;6;0.307646;0.322766;175.691644;0.00541;0.00541;0;0;0;0.02235;0.001382
1136;4;4;8;4;4;8;6;0.277868;0.295336;101.616284;0.002424;0.002424;0;0;0;0.013305;0.001524
1113;1;1;2;1;1;2;7;0.210896;0.219225;0;0.000107;0.000107;0;0;0;0.001235;0.000705
1853;4;4;8;4;4;8;6;0.26712;0.284508;771.834075;0.002302;0.002302;0;0;0;0.011849;0.001938
8209;3;3;6;3;3;6;7;0.25;0.263587;14.062338;0.001237;0.001237;0;0;0;0.007385;0.001244
8831;2;2;4;2;2;4;6;0.271664;0.28578;16.000225;0.002634;0.002634;0;0;0;0.010394;0.000818
7192;2;2;4;2;2;4;6;0.28468;0.297293;22.2542;0.00425;0.00425;0;0;0;0.014541;0.000881
1206;1;1;2;1;1;2;7;0.26232;0.274401;0;0.001652;0.001652;0;0;0;0.006463;0.000561
1221;2;2;4;2;2;4;6;0.32098;0.342107;7.21636;0.01481;0.01481;0;0;0;0.050296;0.000757
1325;2;2;4;2;2;4;6;0.294864;0.311057;5.102885;0.010429;0.010429;0;0;0;0.03388;0.000773
11021;2;2;4;2;2;4;6;0.335522;0.358904;0;0.022838;0.022839;0;1;1;0.076984;0.00075
4129;4;4;8;4;4;8;6;0.350721;0.376973;0;0.03548;0.03548;0;0.5;3;0.125758;0.000962
6140;1;1;2;1;1;2;6;0.320376;0.339824;0;0.012917;0.012918;0;0;0;0.043029;0.000514
5650;2;2;4;2;2;4;6;0.320778;0.341129;33.473475;0.013407;0.013407;0;0;0;0.045147;0.000902
10643;1;1;2;1;1;2;6;0.320376;0.339824;0;0.012917;0.012918;0;0;0;0.043029;0.000514
10721;4;4;8;4;4;8;6;0.34044;0.364971;62.009828;0.026075;0.026075;0;0.333333;2;0.092607;0.001025
3602;3;3;6;3;3;6;6;0.322601;0.34439;161.200661;0.013386;0.013386;0;0;0;0.046337;0.001068
8052;2;2;4;2;2;4;6;0.339987;0.363666;0;0.025559;0.025559;0;1;1;0.085818;0.000726
11492;2;2;4;2;2;4;6;0.339987;0.363666;0;0.025559;0.025559;0;1;1;0.085818;0.000726
7017;3;3;6;3;3;6;6;0.322194;0.343412;6.973347;0.015144;0.015144;0;0.333333;1;0.053684;0.000693
10771;2;2;4;2;2;4;6;0.32098;0.341455;94.780643;0.013092;0.013092;0;0;0;0.044096;0.000904
7333;3;3;6;3;3;6;6;0.320778;0.341129;6.564307;0.015304;0.015305;0;0.333333;1;0.053743;0.000733
10609;2;2;4;2;2;4;6;0.32098;0.341455;26.313035;0.013569;0.01357;0;0;0;0.045884;0.00081
6459;1;1;2;1;1;2;6;0.320376;0.339824;0;0.012917;0.012918;0;0;0;0.043029;0.000514
8041;2;2;4;2;2;4;6;0.320376;0.339824;0;0.012917;0.012918;0;0;0;0.045517;0.000514
4005;3;3;6;3;3;6;6;0.321182;0.342433;529.917382;0.013602;0.013602;0;0;0;0.046532;0.001463
4004;4;4;8;4;4;8;6;0.321586;0.343738;82.51724;0.014877;0.014877;0;0;0;0.051328;0.00132
5511;5;5;10;5;5;10;6;0.329677;0.351729;2407.014361;0.020753;0.020753;0;0.1;1;0.070023;0.001736
7138;2;2;4;2;2;4;6;0.321384;0.341944;576.138265;0.012958;0.012958;0;0;0;0.043984;0.000715
3463;1;1;2;1;1;2;6;0.320376;0.339824;0;0.012917;0.012918;0;0;0;0.043029;0.000514
3912;4;4;8;4;4;8;6;0.344108;0.367776;211.326468;0.025733;0.025733;0;0.333333;2;0.091835;0.001041
3447;2;2;4;2;2;4;6;0.321586;0.342107;295.537621;0.012971;0.012971;0;0;0;0.0439;0.00095
2572;2;2;4;2;2;4;6;0.335522;0.358904;0;0.022838;0.022839;0;1;1;0.076984;0.00075
5676;3;3;6;3;3;6;6;0.322194;0.342531;0;0.018183;0.018183;0;0.666667;2;0.063125;0.000732
2902;1;1;2;1;1;2;6;0.320376;0.339824;0;0.012917;0.012918;0;0;0;0.043029;0.000514
1273;4;4;8;4;4;8;6;0.272388;0.292042;14.943554;0.004058;0.004058;0;0.333333;2;0.021415;0.001257
6805;6;6;12;6;6;12;6;0.283102;0.306458;188.118274;0.004733;0.004733;0;0.2;3;0.024895;0.001946
6878;2;2;4;2;2;4;6;0.262725;0.274918;10.371973;0.001359;0.001359;0;0;0;0.006428;0.00076
1299;6;6;12;6;6;12;6;0.288701;0.310568;1044.503068;0.006387;0.006387;0;0.066667;1;0.029773;0.002213
3301;1;1;2;1;1;2;7;0.224123;0.23393;0;0.000296;0.000296;0;0;0;0.002155;0.000607
6793;1;1;2;1;1;2;7;0.224123;0.23393;0;0.000296;0.000296;0;0;0;0.002155;0.000607
1309;1;1;2;1;1;2;8;0.199765;0.206567;0;0.000045;0.000045;0;0;0;0.001024;0.000869
1717;5;5;10;5;5;10;7;0.249512;0.263358;1855.194326;0.000972;0.000972;0;0;0;0.006072;0.003385
1323;2;2;4;2;2;4;6;0.300765;0.317449;10.391575;0.011084;0.011084;0;0;0;0.03657;0.000761
1324;1;1;2;1;1;2;6;0.293173;0.307632;0;0.007943;0.007943;0;0;0;0.024977;0.000531
1326;1;1;2;1;1;2;6;0.293173;0.307632;0;0.007943;0.007943;0;0;0;0.024977;0.000531
1327;1;1;2;1;1;2;6;0.293173;0.307632;0;0.007943;0.007943;0;0;0;0.024977;0.000531
1329;1;1;2;1;1;2;6;0.293173;0.307632;0;0.007943;0.007943;0;0;0;0.024977;0.000531
1334;2;2;4;2;2;4;6;0.298481;0.313731;37.588565;0.008117;0.008117;0;0;0;0.026429;0.000847
1335;2;2;4;2;2;4;6;0.293678;0.309263;81.417149;0.008015;0.008015;0;0;0;0.025818;0.000898
11563;2;2;4;2;2;4;6;0.259259;0.271755;1;0.001556;0.001556;0;0;0;0.006358;0.000864
1453;1;1;2;1;1;2;7;0.268947;0.281167;0;0.003505;0.003504;0;0;0;0.011557;0.000566
2840;3;3;6;3;3;6;7;0.213005;0.221093;510;0.000091;0.000091;0;0.666667;2;0.00242;0.001041
1667;2;2;4;2;2;4;6;0.300765;0.316014;42.912877;0.008163;0.008163;0;0;0;0.026956;0.000807
1675;1;1;2;1;1;2;6;0.293173;0.307632;0;0.007943;0.007943;0;0;0;0.024977;0.000531
1680;3;3;6;3;3;6;6;0.294355;0.307306;8.719456;0.004845;0.004845;0;0.333333;1;0.018912;0.000797
6681;2;2;4;2;2;4;8;0.206548;0.214852;16.258333;0.00006;0.00006;0;0;0;0.001743;0.001371
1938;1;1;2;1;1;2;8;0.199765;0.206567;0;0.000045;0.000045;0;0;0;0.001024;0.000869
2477;1;1;2;1;1;2;8;0.199765;0.206567;0;0.000045;0.000045;0;0;0;0.001024;0.000869
10311;1;1;2;1;1;2;6;0.302725;0.317808;0;0.010278;0.010278;0;0;0;0.032029;0.000505
7377;1;1;2;1;1;2;6;0.302725;0.317808;0;0.010278;0.010278;0;0;0;0.032029;0.000505
10455;1;1;2;1;1;2;6;0.302725;0.317808;0;0.010278;0.010278;0;0;0;0.032029;0.000505
3343;2;2;4;2;2;4;7;0.236465;0.245061;510;0.000475;0.000475;0;0;0;0.002567;0.0015
3215;4;4;8;4;4;8;6;0.295889;0.31197;80.005972;0.007064;0.007064;0;0.333333;2;0.027881;0.001021
5388;5;5;10;5;5;10;6;0.277115;0.29863;58.40062;0.005428;0.005428;0;0.2;2;0.026779;0.001551
8228;2;2;4;2;2;4;6;0.268101;0.283692;24.754157;0.002569;0.002569;0;0;0;0.01172;0.000701
3303;5;5;10;5;5;10;6;0.291833;0.312883;548.347244;0.006686;0.006686;0;0.2;2;0.02974;0.001799
5424;3;3;6;3;3;6;6;0.29692;0.312524;8.841775;0.005946;0.005946;0;0;0;0.024788;0.000745
8472;4;4;8;4;4;8;6;0.285315;0.304501;8.100866;0.005257;0.005257;0;0.5;3;0.025377;0.000965
4983;2;2;4;2;2;4;6;0.258996;0.268754;0;0.001196;0.001196;0;1;1;0.005286;0.00055
1761;2;2;4;2;2;4;7;0.260449;0.273162;26.056622;0.001716;0.001716;0;0;0;0.007077;0.000882
11351;4;4;8;4;4;8;6;0.321788;0.34439;96.462287;0.015509;0.015509;0;0.333333;2;0.056448;0.001067
4017;1;1;2;1;1;2;7;0.245791;0.255386;0;0.000642;0.000642;0;0;0;0.002807;0.000676
5719;1;1;2;1;1;2;7;0.245791;0.255386;0;0.000642;0.000642;0;0;0;0.002807;0.000676
5413;3;3;6;3;3;6;6;0.303264;0.31833;8.789097;0.007155;0.007155;0;0.333333;1;0.027224;0.000981
5378;4;4;8;4;4;8;6;0.291833;0.310241;21.840786;0.005661;0.005661;0;0.333333;2;0.026237;0.001261
3344;4;4;8;4;4;8;7;0.26259;0.278981;40.754557;0.002894;0.002894;0;0.333333;2;0.015182;0.00138
5551;6;6;12;6;6;12;6;0.303084;0.321396;1034.223735;0.00684;0.00684;0;0.133333;2;0.02863;0.002372
11293;1;1;2;1;1;2;7;0.244031;0.254082;0;0.000998;0.000998;0;0;0;0.00406;0.000592
5653;3;3;6;3;3;6;7;0.249756;0.262497;3.366667;0.001154;0.001154;0;0.666667;2;0.006502;0.000895
11042;2;2;4;2;2;4;6;0.288212;0.301598;93.876374;0.005132;0.005132;0;0;0;0.01742;0.000938
6770;2;2;4;2;2;4;7;0.222464;0.23277;10.667857;0.000195;0.000195;0;0;0;0.002337;0.001044
8387;1;1;2;1;1;2;7;0.234296;0.241441;0;0.00046;0.00046;0;0;0;0.001848;0.000792
2027;1;1;2;1;1;2;7;0.243218;0.252581;0;0.000631;0.000631;0;0;0;0.002593;0.000708
2033;1;1;2;1;1;2;7;0.239794;0.248472;0;0.000832;0.000832;0;0;0;0.003115;0.000619
4969;5;5;10;5;5;10;6;0.315238;0.335062;796.382134;0.017926;0.017926;0;0.1;1;0.058677;0.001917
7770;2;2;4;2;2;4;7;0.261247;0.273469;2.333333;0.001755;0.001755;0;0;0;0.006901;0.000832
2381;4;4;8;4;4;8;6;0.279847;0.296119;402.205878;0.003371;0.003371;0;0.166667;1;0.014814;0.001783
3148;2;2;4;2;2;4;7;0.229251;0.24049;0;0.000265;0.000265;0;1;1;0.002634;0.001071
11290;2;2;4;2;2;4;7;0.247698;0.259184;3;0.000844;0.000844;0;0;0;0.004086;0.001042
2687;2;2;4;2;2;4;6;0.298133;0.313536;1.740109;0.012742;0.012742;0;0;0;0.040125;0.000712
2554;3;3;6;3;3;6;6;0.287563;0.302707;2.635155;0.008088;0.008088;0;0.333333;1;0.027841;0.000636
4713;2;2;4;2;2;4;6;0.291002;0.30623;0.741667;0.009692;0.009692;0;0;0;0.030823;0.000752
11397;2;2;4;2;2;4;6;0.314075;0.334932;0;0.015941;0.015941;0;1;1;0.053256;0.000762
11235;2;2;4;2;2;4;6;0.314075;0.334932;0;0.015941;0.015941;0;1;1;0.053256;0.000762
10994;4;4;8;4;4;8;6;0.322194;0.34514;5.037258;0.020887;0.020887;0;0.333333;2;0.073606;0.000917
10796;3;3;6;3;3;6;6;0.321182;0.342857;0;0.018661;0.018661;0;0.333333;1;0.065439;0.000738
10780;2;2;4;2;2;4;6;0.289354;0.303947;7.728571;0.006626;0.006626;0;0;0;0.022122;0.000757
7212;2;2;4;2;2;4;6;0.294185;0.308806;34.218564;0.006216;0.006216;0;0;0;0.021001;0.000851
2553;3;3;6;3;3;6;7;0.25385;0.266247;86.47742;0.001163;0.001163;0;0;0;0.005459;0.001541
11095;3;3;6;3;3;6;7;0.22701;0.240327;60.344444;0.000278;0.000278;0;0;0;0.003304;0.001552
2588;4;4;8;4;4;8;7;0.253976;0.264598;512.565909;0.000875;0.000875;0;0.5;3;0.005713;0.001182
6851;1;1;2;1;1;2;8;0.202617;0.208184;0;0.000041;0.000041;0;0;0;0.000955;0.000494
5673;3;3;6;3;3;6;6;0.289683;0.303686;187.267512;0.00585;0.005849;0;0;0;0.02004;0.001091
2905;1;1;2;1;1;2;7;0.237564;0.246776;0;0.000474;0.000474;0;0;0;0.002843;0.00062
8175;2;2;4;2;2;4;6;0.273701;0.286236;1.361111;0.004813;0.004813;0;0;0;0.016017;0.000696
2767;4;4;8;4;4;8;6;0.310261;0.332616;810.652407;0.010046;0.010046;0;0;0;0.03639;0.001595
10261;2;2;4;2;2;4;7;0.253724;0.266685;2.277778;0.001067;0.001067;0;0;0;0.005078;0.000971
8160;3;3;6;3;3;6;7;0.253724;0.266685;2.277778;0.001067;0.001067;0;0.666667;2;0.005985;0.000971
2841;1;1;2;1;1;2;8;0.175662;0.180442;0;0.000004;0.000004;0;0;0;0.000762;0.000514
8743;3;3;6;3;3;6;6;0.290176;0.30923;6.028122;0.004325;0.004325;0;0.666667;2;0.020726;0.000949
7599;2;2;4;2;2;4;6;0.313113;0.33017;1004.879302;0.011695;0.011695;0;0;0;0.037834;0.001017
6320;4;4;8;4;4;8;6;0.316017;0.335062;432.062728;0.017771;0.017771;0;0.166667;1;0.058069;0.001399
5496;4;4;8;4;4;8;6;0.331388;0.354762;202.763297;0.024456;0.024456;0;0.333333;2;0.085521;0.000881
7473;4;4;8;4;4;8;6;0.314268;0.333268;225.46593;0.014053;0.014053;0;0;0;0.046462;0.001443
3582;2;2;4;2;2;4;6;0.312347;0.329191;0;0.013428;0.013428;0;1;1;0.043253;0.000782
3066;2;2;4;2;2;4;6;0.313882;0.330822;0;0.01756;0.01756;0;1;1;0.055812;0.000716
8874;1;1;2;1;1;2;6;0.268947;0.278735;0;0.001856;0.001856;0;0;0;0.00675;0.000564
3254;1;1;2;1;1;2;7;0.273848;0.285309;0;0.003877;0.003877;0;0;0;0.012539;0.000515
5549;2;2;4;2;2;4;6;0.286917;0.3015;3.45108;0.004177;0.004177;0;0;0;0.015793;0.000846
5427;2;2;4;2;2;4;6;0.295718;0.311807;11.029648;0.005889;0.005889;0;0;0;0.023446;0.000778
5430;3;3;6;3;3;6;6;0.28724;0.302805;513.45108;0.004186;0.004186;0;0;0;0.01638;0.001443
6705;3;3;6;3;3;6;6;0.29606;0.313112;26.926083;0.006497;0.006497;0;0;0;0.026109;0.001141
5392;2;2;4;2;2;4;6;0.28468;0.299022;510;0.003904;0.003904;0;0;0;0.014384;0.001237
3305;3;3;6;3;3;6;6;0.274731;0.292042;143.155342;0.002542;0.002542;0;0.333333;1;0.012834;0.001076
8196;2;2;4;2;2;4;6;0.302367;0.317384;10.012616;0.007019;0.007019;0;0;0;0.025824;0.000763
5620;1;1;2;1;1;2;6;0.271953;0.286823;0;0.001993;0.001993;0;0;0;0.009639;0.00053
8820;2;2;4;2;2;4;6;0.272243;0.288128;510;0.001998;0.001998;0;0;0;0.010214;0.00122
3352;5;5;10;5;5;10;6;0.281698;0.299804;502.716852;0.002661;0.002661;0;0.3;3;0.015543;0.001187
6762;3;3;6;3;3;6;6;0.308203;0.323222;533.267435;0.006162;0.006162;0;0;0;0.024886;0.001321
3302;2;2;4;2;2;4;6;0.272388;0.288454;0;0.002304;0.002304;0;1;1;0.011702;0.000836
8237;1;1;2;1;1;2;7;0.226006;0.235561;0;0.00031;0.00031;0;0;0;0.002062;0.000599
5594;6;6;12;6;6;12;6;0.298656;0.31546;544.856335;0.011184;0.011184;0;0.333333;5;0.040497;0.001684
8527;2;2;4;2;2;4;7;0.235375;0.244721;0;0.000637;0.000637;0;1;1;0.003675;0.000802
5583;4;4;8;4;4;8;7;0.283102;0.299856;93.054199;0.005303;0.005303;0;0.333333;2;0.020551;0.001278
8608;2;2;4;2;2;4;7;0.249756;0.262119;0;0.001292;0.001292;0;1;1;0.006694;0.000809
8251;5;5;10;5;5;10;6;0.271375;0.288226;18.991065;0.003166;0.003166;0;0.5;5;0.015663;0.001181
5568;1;1;2;1;1;2;8;0.191314;0.196228;0;0.000022;0.000022;0;0;0;0.000694;0.00093
8297;6;6;12;6;6;12;6;0.309322;0.327365;275.477228;0.006059;0.006059;0;0.133333;2;0.026588;0.002154
5548;2;2;4;2;2;4;7;0.220354;0.230398;7.871176;0.00018;0.00018;0;0;0;0.002287;0.000835
8543;3;3;6;3;3;6;6;0.257951;0.268787;14.988857;0.001392;0.001392;0;0.666667;2;0.007436;0.000711
6813;4;4;8;4;4;8;6;0.323828;0.345727;924.747805;0.01282;0.01282;0;0.333333;2;0.048032;0.000888
5641;3;3;6;3;3;6;6;0.283574;0.29775;6.504701;0.005392;0.005392;0;0;0;0.018453;0.001005
3464;4;4;8;4;4;8;6;0.319975;0.341944;51.066017;0.013889;0.013889;0;0.333333;2;0.051049;0.001118
3480;2;2;4;2;2;4;6;0.253347;0.263601;0;0.001129;0.001129;0;1;1;0.005012;0.000547
8192;1;1;2;1;1;2;6;0.279847;0.291194;0;0.004566;0.004566;0;0;0;0.014377;0.000522
3559;1;1;2;1;1;2;7;0.26381;0.27572;0;0.002184;0.002183;0;0;0;0.007747;0.000485
11277;1;1;2;1;1;2;6;0.319176;0.339335;0;0.012641;0.012641;0;0;0;0.042789;0.000505
11134;2;2;4;2;2;4;6;0.333333;0.357469;0;0.022562;0.022562;0;1;1;0.076745;0.000741
10815;2;2;4;2;2;4;6;0.333333;0.357469;0;0.022562;0.022562;0;1;1;0.076745;0.000741
10947;3;3;6;3;3;6;6;0.333333;0.357469;0;0.022562;0.022562;0;0.333333;1;0.080793;0.000741
8074;1;1;2;1;1;2;6;0.319176;0.339335;0;0.012641;0.012641;0;0;0;0.042789;0.000505
6580;2;2;4;2;2;4;6;0.333333;0.357469;0;0.022562;0.022562;0;1;1;0.076745;0.000741
11589;3;3;6;3;3;6;6;0.333333;0.357469;0;0.022562;0.022562;0;0.333333;1;0.080793;0.000741
4293;1;1;2;1;1;2;6;0.319176;0.339335;0;0.012641;0.012641;0;0;0;0.042789;0.000505
11427;1;1;2;1;1;2;6;0.319176;0.339335;0;0.012641;0.012641;0;0;0;0.042789;0.000505
11426;1;1;2;1;1;2;6;0.319176;0.339335;0;0.012641;0.012641;0;0;0;0.042789;0.000505
11060;1;1;2;1;1;2;6;0.319176;0.339335;0;0.012641;0.012641;0;0;0;0.042789;0.000505
7853;3;3;6;3;3;6;6;0.333333;0.357469;0;0.022562;0.022562;0;0.333333;1;0.080793;0.000741
7015;3;3;6;3;3;6;6;0.320175;0.341618;3.874921;0.014867;0.014867;0;0.333333;1;0.053451;0.000684
7757;3;3;6;3;3;6;6;0.320175;0.341618;3.874921;0.014867;0.014867;0;0.333333;1;0.053451;0.000684
8047;3;3;6;3;3;6;6;0.319775;0.340965;24.302239;0.013293;0.013293;0;0.333333;1;0.048324;0.000801
6484;5;5;10;5;5;10;6;0.320577;0.343575;719.552581;0.013058;0.013058;0;0.3;3;0.048597;0.001625
8966;3;3;6;3;3;6;6;0.319775;0.340965;40.218922;0.012887;0.012887;0;0.333333;1;0.046988;0.000665
6755;3;3;6;3;3;6;6;0.334205;0.359426;43.366787;0.023252;0.023253;0;0.333333;1;0.07959;0.001022
5666;1;1;2;1;1;2;6;0.319176;0.339335;0;0.012641;0.012641;0;0;0;0.042789;0.000505
6122;2;2;4;2;2;4;6;0.324239;0.344292;50.850759;0.012886;0.012886;0;0;0;0.044595;0.000694
5078;1;1;2;1;1;2;6;0.319176;0.339335;0;0.012641;0.012641;0;0;0;0.042789;0.000505
3599;1;1;2;1;1;2;7;0.246503;0.256313;0;0.000597;0.000597;0;0;0;0.002702;0.000856
6463;3;3;6;3;3;6;6;0.268241;0.281963;66.999204;0.002473;0.002473;0;0;0;0.009976;0.001318
3669;1;1;2;1;1;2;6;0.273555;0.286758;0;0.003141;0.003141;0;0;0;0.011592;0.000522
3737;1;1;2;1;1;2;6;0.258996;0.268754;0;0.001196;0.001196;0;0;0;0.00448;0.000667
3794;1;1;2;1;1;2;7;0.257301;0.268987;0;0.001629;0.001628;0;0;0;0.00609;0.000499
6350;2;2;4;2;2;4;6;0.289683;0.302446;1.795853;0.005276;0.005276;0;0;0;0.017811;0.000708
3999;1;1;2;1;1;2;7;0.26232;0.274401;0;0.001652;0.001652;0;0;0;0.006463;0.000561
7927;2;2;4;2;2;4;7;0.280154;0.293691;9.024307;0.004521;0.004521;0;0;0;0.015307;0.000698
6852;2;2;4;2;2;4;7;0.277416;0.290625;17.705246;0.004229;0.004229;0;0;0;0.014536;0.000847
6719;1;1;2;1;1;2;7;0.274436;0.286548;0;0.004051;0.004051;0;0;0;0.013084;0.000523
4130;1;1;2;1;1;2;7;0.26232;0.274401;0;0.001652;0.001652;0;0;0;0.006463;0.000561
11383;2;2;4;2;2;4;6;0.315043;0.335062;6.55368;0.014946;0.014946;0;0;0;0.05014;0.000762
6570;1;1;2;1;1;2;6;0.285315;0.297489;0;0.005025;0.005025;0;0;0;0.016185;0.000526
7586;3;3;6;3;3;6;6;0.291168;0.306099;330.677398;0.011467;0.011467;0;0;0;0.036942;0.001129
4738;1;1;2;1;1;2;7;0.247578;0.25814;0;0.000921;0.000921;0;0;0;0.004028;0.000548
4926;4;4;8;4;4;8;6;0.258865;0.272309;1020.2;0.001194;0.001194;0;0.5;3;0.007068;0.001265
7908;2;2;4;2;2;4;7;0.205882;0.213955;510;0.000056;0.000056;0;0;0;0.00157;0.001185
8001;2;2;4;2;2;4;7;0.241038;0.251146;1.833333;0.001656;0.001656;0;0;0;0.006152;0.000916
5384;4;4;8;4;4;8;6;0.294355;0.307958;21.34175;0.005297;0.005297;0;0.333333;2;0.021043;0.000939
9026;1;1;2;1;1;2;7;0.221692;0.228884;0;0.000181;0.000181;0;0;0;0.00118;0.000819
6669;2;2;4;2;2;4;6;0.253221;0.264775;120.683507;0.001222;0.001222;0;0;0;0.005319;0.000879
8578;1;1;2;1;1;2;7;0.25614;0.265707;0;0.001268;0.001268;0;0;0;0.004985;0.000543
8469;1;1;2;1;1;2;7;0.223242;0.230789;0;0.000194;0.000194;0;0;0;0.001334;0.000702
8271;1;1;2;1;1;2;7;0.232696;0.240826;0;0.000317;0.000317;0;0;0;0.00206;0.000629
8263;1;1;2;1;1;2;7;0.232696;0.240826;0;0.000317;0.000317;0;0;0;0.00206;0.000629
10914;2;2;4;2;2;4;6;0.308761;0.329028;19.953003;0.010543;0.010543;0;0;0;0.03643;0.000912
7657;3;3;6;3;3;6;7;0.228227;0.238803;21.353973;0.000831;0.000831;0;0;0;0.00432;0.001438
11268;2;2;4;2;2;4;6;0.311775;0.332387;11.256017;0.01353;0.01353;0;0;0;0.045225;0.000753
5746;2;2;4;2;2;4;7;0.264493;0.277025;49.431734;0.00365;0.00365;0;0;0;0.012026;0.000967
5957;1;1;2;1;1;2;7;0.268947;0.281167;0;0.003505;0.003504;0;0;0;0.011557;0.000566
10821;2;2;4;2;2;4;6;0.274879;0.28653;1;0.003765;0.003765;0;0;0;0.012488;0.000917
6411;1;1;2;1;1;2;6;0.26698;0.278213;0;0.001818;0.001818;0;0;0;0.006611;0.000604
6356;2;2;4;2;2;4;7;0.250245;0.261075;74.669247;0.000608;0.000608;0;0;0;0.003428;0.00117
10349;1;1;2;1;1;2;7;0.246265;0.255824;0;0.000595;0.000595;0;0;0;0.002615;0.000812
6433;1;1;2;1;1;2;6;0.308389;0.327723;0;0.009921;0.009921;0;0;0;0.033955;0.000529
6443;1;1;2;1;1;2;6;0.308389;0.327723;0;0.009921;0.009921;0;0;0;0.033955;0.000529
6470;1;1;2;1;1;2;6;0.308389;0.327723;0;0.009921;0.009921;0;0;0;0.033955;0.000529
10915;1;1;2;1;1;2;7;0.242871;0.252824;0;0.000606;0.000606;0;0;0;0.002821;0.000523
6545;3;3;6;3;3;6;6;0.309697;0.330007;64.320169;0.010131;0.010131;0;0.333333;1;0.037376;0.000826
6606;2;2;4;2;2;4;6;0.308761;0.329028;9.599795;0.011131;0.011131;0;0;0;0.038542;0.000703
6735;1;1;2;1;1;2;7;0.214076;0.22202;0;0.000093;0.000093;0;0;0;0.001055;0.000811
8761;1;1;2;1;1;2;7;0.235701;0.242699;0;0.000286;0.000286;0;0;0;0.001711;0.000667
6988;1;1;2;1;1;2;6;0.308389;0.327723;0;0.009921;0.009921;0;0;0;0.033955;0.000529
10562;3;3;6;3;3;6;6;0.308761;0.329028;17.196898;0.010538;0.010538;0;0.333333;1;0.038919;0.00083
10851;1;1;2;1;1;2;6;0.308389;0.327723;0;0.009921;0.009921;0;0;0;0.033955;0.000529
7462;1;1;2;1;1;2;6;0.308389;0.327723;0;0.009921;0.009921;0;0;0;0.033955;0.000529
9430;1;1;2;1;1;2;6;0.308389;0.327723;0;0.009921;0.009921;0;0;0;0.033955;0.000529
11110;1;1;2;1;1;2;6;0.308389;0.327723;0;0.009921;0.009921;0;0;0;0.033955;0.000529
11154;1;1;2;1;1;2;6;0.308389;0.327723;0;0.009921;0.009921;0;0;0;0.033955;0.000529
10656;1;1;2;1;1;2;7;0.246503;0.256313;0;0.000597;0.000597;0;0;0;0.002702;0.000856
7569;1;1;2;1;1;2;7;0.247578;0.25814;0;0.000921;0.000921;0;0;0;0.004028;0.000548
7570;1;1;2;1;1;2;7;0.247578;0.25814;0;0.000921;0.000921;0;0;0;0.004028;0.000548
7543;3;3;6;3;3;6;7;0.239569;0.2502;519.415016;0.000583;0.000583;0;0;0;0.003516;0.001821
9396;1;1;2;1;1;2;8;0.193341;0.199049;0;0.000027;0.000027;0;0;0;0.000795;0.000809
10318;1;1;2;1;1;2;8;0.170789;0.175664;0;0.000003;0.000003;0;0;0;0.000663;0.000797
8264;1;1;2;1;1;2;6;0.261381;0.272929;0;0.001327;0.001327;0;0;0;0.00526;0.000579
8415;1;1;2;1;1;2;7;0.246265;0.255824;0;0.000595;0.000595;0;0;0;0.002615;0.000812
